0.0 -2.95052166537518 4.5
0.01 -2.950530952123495 4.500009245087232
0.02 -2.950558148968458 4.500036320088102
0.03 -2.9506013154064243 4.500079293655122
0.04 -2.95065737881313 4.5001351075791005
0.05 -2.950722362797765 4.500199803962693
0.06 -2.9507916803580594 4.500268816886103
0.07 -2.9508604683804576 4.5003373052482125
0.08 -2.9509239373143474 4.500400500760809
0.09 -2.950977709459605 4.500454044677236
0.1 -2.951018121147922 4.500494288657482
0.11 -2.951042467858139 4.500518538900537
0.12 -2.951049176510702 4.5005252278433785
0.13 -2.9510378952724405 4.500514003774621
0.14 -2.951009497587935 4.500485735061809
0.15 -2.95096600330121 4.500442431810945
0.16 -2.9509104251980696 4.50038709322347
0.17 -2.9508465537629314 4.500323493368064
0.18 -2.950778696212383 4.5002559213492495
0.19 -2.9507113878700153 4.500188893859961
0.2 -2.9506490947144557 4.5001268588799705
0.21 -2.9505959255709593 4.500073908930715
0.22 -2.9505553710797905 4.500033520971367
0.23 -2.950530084437398 4.50000833789494
0.24 -2.950521716146407 4.500000003833669
0.25 -2.9505308117943296 4.500009062275661
0.26 -2.9505567783576323 4.500034922479468
0.27 -2.950597920829544 4.500075895981755
0.28 -2.95065154721643 4.500129301246374
0.29 -2.9507141362541645 4.500191630816583
0.3 -2.9507815586827904 4.5002587718269185
0.31 -2.95084933971759 4.500326267540101
0.32 -2.950912947617363 4.500389604847357
0.33 -2.9509680911433867 4.50044451057457
0.34 -2.9510110074027933 4.500487238148249
0.35000000000000003 -2.951038721253007 4.500514825868341
0.36 -2.9510492582612464 4.500525308859564
0.37 -2.951041795268448 4.500517868830784
0.38 -2.951016735927609 4.500492909088649
0.39 -2.9509757030968427 4.500452046750184
0.4 -2.950921445469869 4.500398019581232
0.41000000000000003 -2.950857661993807 4.50033451102652
0.42 -2.9507887540078848 4.500265903346663
0.43 -2.9507195210977124 4.5001969748008905
0.44 -2.9506548218150273 4.500132561933385
0.45 -2.9505992241008707 4.500077211678527
0.46 -2.9505566720028296 4.500034849733058
0.47000000000000003 -2.950530194790128 4.500008491150273
0.48 -2.9505216817594384 4.500000016310733
0.49 -2.95053174105462 4.500010030480442
0.5 -2.950559654107329 4.5000378184910526
0.51 -2.95060342946297 4.500081398282826
0.52 -2.950659951545457 4.500137668891811
0.53 -2.950725212138339 4.500202640735005
0.54 -2.9507946057686056 4.500271729494753
0.55 -2.9508632653780382 4.5003400901271915
0.56 -2.9509264120479317 4.500402964909281
0.5700000000000001 -2.9509796922503 4.500456019139038
0.58 -2.9510194780278285 4.500495640011614
0.59 -2.951043109335496 4.500519177993362
0.6 -2.9510490630302706 4.500525115232897
0.61 -2.9510370391054503 4.5005131516210835
0.62 -2.951007961151564 4.500484205463266
0.63 -2.9509638941528666 4.500440331826588
0.64 -2.950907888158542 4.500384567035829
0.65 -2.9508437607842333 4.5003207121965305
0.66 -2.95077583471545 4.500253071836753
0.67 -2.9507086483338076 4.50018616571126
0.68 -2.950646658304589 4.500124432536925
0.6900000000000001 -2.950593952558367 4.500071944032816
0.7000000000000001 -2.95055399072523 4.500032146275543
0.71 -2.9505293869133125 4.50000764322484
0.72 -2.95052174694102 4.500000034502359
0.73 -2.950531568900486 4.500009816283703
0.74 -2.950558212396678 4.500036350638395
0.75 -2.950599938103642 4.500077904956355
0.76 -2.9506540155260295 4.500131759352776
0.77 -2.9507168931657235 4.500194376261873
0.78 -2.9507844217905843 4.500261622935043
0.79 -2.950852118318402 4.5003290343842055
0.8 -2.9509154551147523 4.5003921016071065
0.81 -2.950970157426344 4.50044656786553
0.8200000000000001 -2.9510124904094366 4.50048871453675
0.8300000000000001 -2.951039516940512 4.5005156177961565
0.84 -2.951910533473654 4.50114258384666
0.85 -2.953190434891311 4.5024234174387585
0.86 -2.954567575342952 4.503801670396801
0.87 -2.9560559494906538 4.505291342872518
0.88 -2.957672070247863 4.506908949996194
0.89 -2.959434944388014 4.508673498573165
0.9 -2.96136600535109 4.5106064214160115
0.91 -2.963489026233451 4.512731492234606
0.92 -2.965830041577994 4.515074749602925
0.93 -2.9684173106215086 4.51766446253439
0.9400000000000001 -2.971281356688395 4.5205311722156685
0.9500000000000001 -2.9744551172290965 4.523707844260087
0.96 -2.9779742366225155 4.527230163482321
0.97 -2.981877529600041 4.531136998970371
0.98 -2.9862076375635014 4.535471061694327
0.99 -2.99101189391716 4.54027977079501
1.0 -2.9963434086812413 4.545616338898508
1.01 -3.002262377970003 4.551541082165799
1.02 -3.008837621157161 4.5581229580589016
1.03 -3.016148348252442 4.565441333516568
1.04 -3.024286162402041 4.573587988604637
1.05 -3.0333573073437723 4.582669365573296
1.06 -3.0434851764760458 4.592809079988166
1.07 -3.0548131077598555 4.604150718010144
1.08 -3.067507495047213 4.616860950034409
1.09 -3.081761248625499 4.631132992718605
1.1 -3.0977976310924777 4.647190444150928
1.11 -3.115874471613784 4.665291492855646
1.12 -3.1362887098353527 4.685733447905307
1.1300000000000001 -3.1593811196170463 4.7088574335204365
1.1400000000000001 -3.185540877364983 4.7350529014053615
1.1500000000000001 -3.2152093101348154 4.764761276301874
1.16 -3.2488815811786877 4.798477458580249
1.17 -3.2871040644523966 4.83674687675787
1.18 -3.3317291980568227 4.881400979415977
1.19 -3.383454372132837 4.933172960749111
1.2 -3.441756191442995 4.991510029769553
1.21 -3.507091507502602 5.056853669547119
1.22 -3.5795866567254846 5.12930244890809
1.23 -3.65868815445592 5.208253318918989
1.24 -3.7425369358056986 5.2917596885908065
1.25 -3.8268633600202855 5.37539974645324
1.26 -3.903077155528841 5.4503265471999764
1.27 -3.955097729852752 5.500053838265222
1.28 -3.954538361333848 5.495646289086711
1.29 -3.8548722383389573 5.3901401531726885
1.3 -3.589271634813869 5.117381940477893
1.31 -3.0875972446491065 4.611307433152547
1.32 -2.3426916514813625 3.8737611407164714
1.33 -1.5314056655276675 3.0865411005664387
1.34 -1.0445006672023873 2.6203783184038216
1.35 -1.1811987367553094 2.7451160682483287
1.36 -1.7688159665289969 3.30027708193648
1.37 -2.322220166132747 3.83168083916925
1.3800000000000001 -2.4781537832331835 3.9835519914243056
1.3900000000000001 -2.151517793950362 3.66686411684802
1.4000000000000001 -1.4996540449294082 3.0367838535888043
1.41 -0.867423773507727 2.429895933065967
1.42 -0.6377402771730605 2.210953978072739
1.43 -0.9694536488602086 2.5306800225663197
1.44 -1.6861265951352504 3.226870247460705
1.45 -2.4661459762848312 3.9943788509154063
1.46 -3.0809867345350206 4.607625153993656
1.47 -3.458969963881268 4.989958630011486
1.48 -3.627085361240602 5.163708775791848
1.49 -3.644356416268133 5.185738832334771
1.5 -3.5665587125196763 5.111338711051329
1.51 -3.4354196255547675 4.982421149396485
1.52 -3.2788553672612344 4.827232212609968
1.53 -3.1143382081494124 4.663530405107005
1.54 -2.952256489526062 4.501908680644932
1.55 -2.798439352117223 4.348330416892082
1.56 -2.655852148513922 4.205845446804775
1.57 -2.5256765870875038 4.075687889126977
1.58 -2.4079861542162324 3.9579640602520714
1.59 -2.302172636445196 3.8520869837580425
1.6 -2.2072253057206743 3.757060306188187
1.61 -2.121923121453749 3.671673093930504
1.62 -2.044972679309569 3.5946391054041085
1.6300000000000001 -1.9751080877615401 3.524697330251445
1.6400000000000001 -1.911160458505447 3.4606818694327885
1.6500000000000001 -1.8521013935558668 3.401565746167196
1.6600000000000001 -1.7970643258613213 3.3464825824052142
1.67 -1.7468433755396893 3.2955030933217104
1.68 -1.6993873722609527 3.248020643253125
1.69 -1.654191625898584 3.2028059981642403
1.7 -1.6109690303785102 3.1595705055211547
1.71 -1.569526081634305 3.1181192091288086
1.72 -1.5297411156512988 3.078329176476946
1.73 -1.491545075163186 3.0401303039549044
1.74 -1.4549054493555913 3.0034892594211717
1.75 -1.419813494286849 2.9683966835799223
1.76 -1.3862745029669046 2.93485742992385
1.77 -1.354300714431377 2.9028834401633565
1.78 -1.323906385420728 2.8724887834802164
1.79 -1.2951045553072704 2.843686392780092
1.8 -1.2679050823950713 2.8164860770818936
1.81 -1.2423135948666186 2.7908934533837177
1.82 -1.2183310679327535 2.7669095091067373
1.83 -1.1959538019017188 2.744530569145228
1.84 -1.175173629992702 2.7237484956060753
1.85 -1.1559782285859257 2.704550992232123
1.86 -1.1383514365936016 2.6869219195866205
1.87 -1.1222735158964132 2.6708415524415097
1.8800000000000001 -1.1077213027483996 2.656286728873013
1.8900000000000001 -1.094668212155391 2.643230852762578
1.9000000000000001 -1.0830840648149762 2.6316437190646624
1.9100000000000001 -1.0729347104628442 2.6214911355309454
1.92 -1.0641814234769498 2.612734316653556
1.93 -1.0567800473681674 2.6053290264353475
1.94 -1.0506798653906277 2.5992244472775687
1.95 -1.0458221761433306 2.5943617540110275
1.96 -1.042138557201015 2.590672376391238
1.97 -1.0395488084485291 2.5880759421861415
1.98 -1.0379585824666695 2.5864779088877445
1.99 -1.0372567353988946 2.5857669184579333
2.0 -1.037312472524899 2.585811950685451
2.0100000000000002 -1.0379724235313228 2.5864594119245554
2.02 -1.039057869129518 2.5875303830864445
2.0300000000000002 -1.0403624590303442 2.5888183694599642
2.04 -1.0416509153248494 2.590088049023238
2.05 -1.042659404064344 2.5910757040575874
2.06 -1.043098470231109 2.5914922315206823
2.07 -1.0426596386490805 2.5910298314005593
2.08 -1.0410269296295553 2.589373612343867
2.09 -1.037894529795869 2.5862193362717845
2.1 -1.0329915593406815 2.5812982126560655
2.11 -1.0261141168610561 2.5744088808962755
2.12 -1.0171633956751451 2.5654553250293954
2.13 -1.0061865710452225 2.5544873777738863
2.14 -0.9934144943792901 2.541737840207092
2.15 -0.9792875115871327 2.527647590390835
2.16 -0.9644589351029813 2.5128683603859225
2.17 -0.9497662009683826 2.4982334551506766
2.18 -0.9361638154049177 2.4846907949089023
2.19 -0.924620242684725 2.473200626236673
2.2 -0.9159915805312178 2.4646107157653154
2.21 -0.9108948826125957 2.4595315472266255
2.22 -0.9096089239062213 2.4582387393348406
2.23 -0.9120267121944282 2.4606263970370996
2.24 -0.9176720449107963 2.466223373942264
2.25 -0.9257757998589433 2.474268248438053
2.2600000000000002 -0.9353926698328568 2.48382421319098
2.27 -0.9455311056277184 2.49390726255582
2.2800000000000002 -0.955270263421093 2.5036019505128335
2.29 -0.9640176660034047 2.512639344614346
2.3000000000000003 -0.9718725073816193 2.520665060589454
2.31 -0.9780317668030835 2.5268213518609923
2.32 -0.9819301843953311 2.530727023308808
2.33 -0.9835975367288489 2.5324090724942616
2.34 -0.983186449095807 2.5320174454791915
2.35 -0.9809325680402586 2.529785487746455
2.36 -0.9771195821354146 2.5259950837639904
2.37 -0.972051152903753 2.5209485955499416
2.38 -0.9660301184559517 2.5149480094764796
2.39 -0.9593443098183265 2.50828066735607
2.4 -0.952257834833085 2.5012104604322394
2.41 -0.9450065628697731 2.493973232757064
2.42 -0.9377966322822372 2.4867752216379593
2.43 -0.9308049893719587 2.479793545005692
2.44 -0.9241811809440165 2.4731779563932754
2.45 -0.9180498226445334 2.4670532872727473
2.46 -0.9125133341664737 2.4615221651985006
2.47 -0.9076546652697878 2.4566677293017722
2.48 -0.903539835526955 2.4525561640561433
2.49 -0.900220180955792 2.4492389429231336
2.5 -0.8977342481845392 2.4467547213662053
2.5100000000000002 -0.8961093070753708 2.445130849330728
2.52 -0.8953624705319059 2.4443844913451738
2.5300000000000002 -0.8955014193242359 2.4445233517052958
2.54 -0.8965247331491274 2.445546005740739
2.5500000000000003 -0.8984218291390654 2.44744183828376
2.56 -0.9011725075640503 2.4501905891012057
2.57 -0.9047461032688351 2.4537615039631278
2.58 -0.9091002422242893 2.4581120909891894
2.59 -0.9141792074728363 2.463186486981208
2.6 -0.9199119302252515 2.4689134501433485
2.61 -0.9262096431268714 2.4752040171316922
2.62 -0.9329632678319809 2.4819488978460726
2.63 -0.9400406630134186 2.4890157357790237
2.64 -0.9472839375501251 2.4962464407924188
2.65 -0.9545071427512715 2.5034549106842334
2.66 -0.9614948016312149 2.51042560219913
2.67 -0.9680019129220861 2.51691359139964
2.68 -0.9737562745247617 2.522646968903392
2.69 -0.9784641816892642 2.5273326229956288
2.7 -0.9818207207719942 2.530666623695726
2.71 -0.9835259163073985 2.5323504492861413
2.72 -0.983307771693999 2.532114068088053
2.73 -0.9809526088491994 2.5297462410006606
2.74 -0.9763418884420213 2.52513117780855
2.75 -0.9694927706515938 2.518288761571123
2.7600000000000002 -0.9605971304037552 2.5094130350308763
2.77 -0.9500509814811618 2.498900940970174
2.7800000000000002 -0.938464160354464 2.4873612931244553
2.79 -0.9266399608401684 2.475593890450714
2.8000000000000003 -0.9155175448449201 2.4645318755561423
2.81 -0.9060770684635778 2.45514750100595
2.82 -0.8992176989624175 2.448331510772564
2.83 -0.8956291877750712 2.444766537829862
2.84 -0.8956841398676013 2.444821125180291
2.85 -0.899376789612026 2.448489571157613
2.86 -0.9063239636190913 2.4553928750629055
2.87 -0.9158279787658864 2.4648405380367064
2.88 -0.9269853869202375 2.475937544900051
2.89 -0.9388155855342272 2.487711157137314
2.9 -0.9503822474953688 2.499230997522483
2.91 -0.9608871807158069 2.509702291782132
2.92 -0.9697267680015321 2.5185223784797794
2.93 -0.9765113129144639 2.5253005848713572
2.94 -0.9810546161332218 2.529848518076344
2.95 -0.9833441279368659 2.5321508980391965
2.96 -0.9835017844947419 2.532326917111323
2.97 -0.9817434956887032 2.5305900586422916
2.98 -0.9783424888641501 2.5272116001803644
2.99 -0.9735991815605739 2.522490520324424
3.0 -0.9678183555146234 2.5167306299847416
3.0100000000000002 -0.9612932000663914 2.5102245356753743
3.02 -0.9542951730841772 2.5032434101049525
3.0300000000000002 -0.9470684198297906 2.496031326421929
3.04 -0.9398275324873222 2.4888029464021493
3.0500000000000003 -0.9327576009774023 2.48174351536015
3.06 -0.9260157167149056 2.475010324574805
3.0700000000000003 -0.9197332974155695 2.468735007080824
3.08 -0.9140187797366606 2.4630262109698835
3.09 -0.9089603696174017 2.4579723375720706
3.1 -0.9046286483190704 2.4536441404025164
3.11 -0.9010789099636369 2.450097058997151
3.12 -0.8983531597183144 2.447373215522279
3.13 -0.8964817364155512 2.44550303703308
3.14 -0.895484544314518 2.4445064874501368
3.15 -0.8953718899502073 2.4443939047772902
3.16 -0.8961449247637867 2.4451664439963103
3.17 -0.8977956949560985 2.446816126953088
3.18 -0.900306798772182 2.449325499429321
3.19 -0.9036506499731832 2.452666894253384
3.2 -0.907788346319249 2.4568012994963158
3.21 -0.9126681454047724 2.4616768344711693
3.22 -0.9182235595066971 2.4672268457734656
3.23 -0.9243710992171243 2.4733676539713576
3.24 -0.9310077263503512 2.4799960126030522
3.25 -0.9380081246891029 2.486986389611733
3.2600000000000002 -0.9452219681518064 2.4941882528040416
3.27 -0.9524714658665238 2.5014236412296365
3.2800000000000002 -0.9595495975572113 2.5084854385277326
3.29 -0.9662196225884865 2.5151369340123586
3.3000000000000003 -0.9722166468527217 2.5211134570270994
3.31 -0.9772522449265686 2.526127080802202
3.3200000000000003 -0.9810233200541979 2.5298755724442277
3.33 -0.9832264688010842 2.5320568423886574
3.34 -0.9835789871798463 2.532390006029245
3.35 -0.9818471565350263 2.530643659372114
3.36 -0.9778814064173845 2.5266709190595225
3.37 -0.9716562312662332 2.520449055301864
3.38 -0.9633103447450825 2.512119171333401
3.39 -0.953179789443224 2.502018664823569
3.4 -0.9418143138547949 2.490696881592979
3.41 -0.9299664721370889 2.47890361325827
3.42 -0.9185449863330152 2.4675422467478207
3.43 -0.9085299004217365 2.457585347816989
3.44 -0.9008566099661625 2.449959862704605
3.45 -0.8962866670529798 2.44541966183326
3.46 -0.8952913254496627 2.444430920965777
3.47 -0.8979749365831994 2.447096835386855
3.48 -0.9040575441862068 2.453140524910947
3.49 -0.9129212218801205 2.4619505538760627
3.5 -0.9237081740628009 2.4726773991831505
3.5100000000000002 -0.9354465793480989 2.484357429631044
3.52 -0.9471765306476131 2.49603732713008
3.5300000000000002 -0.9580532036817179 2.5068764233195173
3.54 -0.9674142814396843 2.5162140164928095
3.5500000000000003 -0.9748093112523878 2.5235991564873927
3.56 -0.9799967376953443 2.528788365942704
3.5700000000000003 -0.9829184816170206 2.5317209263738487
3.58 -0.9836624960826127 2.5324820089170004
3.59 -0.9824219867377765 2.53126227975181
3.6 -0.97945728961175 2.528319981858229
3.61 -0.9750637434088187 2.5239488718760823
3.62 -0.9695467954555561 2.518453300600513
3.63 -0.9632041849551228 2.512130323426775
3.64 -0.9563142780040397 2.505257945872755
3.65 -0.9491293218540081 2.4980882905249833
3.66 -0.9418723717766498 2.490844448390268
3.67 -0.9347367862716649 2.4837199138133803
3.68 -0.92788739132825 2.476879703463932
3.69 -0.9214626254333046 2.470462469099167
3.7 -0.9155771648929306 2.4645831010665944
3.71 -0.9103246824157127 2.4593354729243666
3.72 -0.9057805095971027 2.454795095584111
3.73 -0.9020040597734299 2.4510215356451437
3.74 -0.8990409273940997 2.4480605126946022
3.75 -0.8969246194655626 2.445945630121077
3.7600000000000002 -0.895677898979826 2.444699718645811
3.77 -0.8953137338677878 2.444335785633789
3.7800000000000002 -0.8958358513278559 2.4448575697344674
3.79 -0.8972388990419816 2.446259702202396
3.8000000000000003 -0.8995082139335512 2.448527475507004
3.81 -0.9026191975582641 2.451636218387767
3.8200000000000003 -0.9065362966718459 2.455550276083102
3.83 -0.9112115898404682 2.4602215969279855
3.84 -0.916582988360768 2.4655879341018845
3.85 -0.922572075023302 2.471570686817493
3.86 -0.929081630952878 2.4780724322501895
3.87 -0.935992943372979 2.4849742425019894
3.88 -0.9431630510453025 2.4921329452296423
3.89 -0.9504221752540509 2.4993785781127342
3.9 -0.9575717080745922 2.506512411507779
3.91 -0.964383289500372 2.513306073414868
3.92 -0.9705996982282854 2.519502503329473
3.93 -0.9759384936015061 2.5248196721950382
3.94 -0.9800995451145558 2.528958200542921
3.95 -0.98277770843933 2.5316141227321602
3.96 -0.9836818517575935 2.532497980256432
3.97 -0.9825610597447608 2.5313610385537846
3.98 -0.9792379725078714 2.528028540162042
3.99 -0.9736476972084654 2.5224383825858987
4.0 -0.9658785132933757 2.514681403805532
4.01 -0.9562078783406328 2.505036783093514
4.0200000000000005 -0.9451246306774169 2.4939935259549846
4.03 -0.9333268478271396 2.4822476608857595
4.04 -0.9216859375711547 2.470665978586257
4.05 -0.9111723809999267 2.4602120026623018
4.0600000000000005 -0.9027472328614708 2.4518384555376134
4.07 -0.8972342937247969 2.4463610447852924
4.08 -0.8951971723026085 2.444337394461102
4.09 -0.8968489060103427 2.4459781915232623
4.1 -0.9020165647528934 2.4511124174404615
4.11 -0.9101700337292741 2.4592156192481958
4.12 -0.9205074808305281 2.469493923034153
4.13 -0.9320761521272379 2.4810029667423477
4.14 -0.9439009483678104 2.492774812091626
4.15 -0.9550958541991642 2.5039283303847037
4.16 -0.9649421778373547 2.5137471409332948
4.17 -0.9729284075809327 2.5217197703202556
4.18 -0.9787555187401858 2.52754560140499
4.19 -0.982316833351793 2.531115454505692
4.2 -0.9836630008403865 2.532477189930958
4.21 -0.9829614328513837 2.531795583071003
4.22 -0.9804569800599632 2.529313253182924
4.23 -0.9764378992968127 2.5253167295926975
4.24 -0.971208874921814 2.5201094683722607
4.25 -0.9650712645494806 2.513992035026029
4.26 -0.9583098071364884 2.507248725425412
4.2700000000000005 -0.9511846113282286 2.500139464899358
4.28 -0.9439271603868524 2.49289573373668
4.29 -0.9367391793656366 2.4857193696544693
4.3 -0.9297934046069111 2.478783287911982
4.3100000000000005 -0.9232355088766647 2.4722333707561095
4.32 -0.917186631645592 2.4661909731954896
4.33 -0.9117461276445964 2.460755655608705
4.34 -0.906994274397358 2.45600788154242
4.3500000000000005 -0.9029947737623611 2.4520115138064305
4.36 -0.8997969490058735 2.4488160088969346
4.37 -0.8974375835178935 2.446458254756661
4.38 -0.8959423754320986 2.444964025346973
4.39 -0.8953269986995961 2.444349042044419
4.4 -0.8955977692528709 2.444619640151676
4.41 -0.8967519176413337 2.4457730417059724
4.42 -0.898777469183207 2.4477972355528177
4.43 -0.901652731140741 2.4506704642255
4.44 -0.9053453854115675 2.454360316271985
4.45 -0.9098111865320839 2.458822424109673
4.46 -0.9149922704943855 2.4639987733665105
4.47 -0.9208150925880436 2.4698156426011995
4.48 -0.9271880355191228 2.476181215626213
4.49 -0.9339987666466028 2.4829829466058273
4.5 -0.9411114804493713 2.4900848157954405
4.51 -0.9483642451278025 2.497324697017067
4.5200000000000005 -0.9555667863433489 2.504512172419398
4.53 -0.9624991906544809 2.5114272797031783
4.54 -0.9689121957511061 2.5178208610101898
4.55 -0.9745299441283644 2.5234173905851387
4.5600000000000005 -0.9790562845478745 2.5279213626303765
4.57 -0.9821858583220897 2.5310284675585994
4.58 -0.983621215525294 2.5324427839987127
4.59 -0.983096937726125 2.5319009337930773
4.6000000000000005 -0.9804110316907958 2.5292034229124205
4.61 -0.9754625350463196 2.5242520601269023
4.62 -0.9682922493508895 2.5170903253470787
4.63 -0.9591209020833179 2.507940975526389
4.64 -0.9483763102387549 2.497232509787257
4.65 -0.9366992148609682 2.4856043035550917
4.66 -0.9249177068141786 2.4738805658773853
4.67 -0.9139838745830652 2.4630070267357898
4.68 -0.9048739848141435 2.453951869938842
4.69 -0.8984640091607498 2.4475827172152096
4.7 -0.8954024884024708 2.44454134456701
4.71 -0.8960082359864269 2.4451430728267693
4.72 -0.9002177143682079 2.449325068977428
4.73 -0.9075956408139388 2.456656762642395
4.74 -0.9174060509808465 2.4664096794111954
4.75 -0.9287257707167792 2.4776691019505988
4.76 -0.9405735815729909 2.489461460035698
4.7700000000000005 -0.9520286074400305 2.500871471665458
4.78 -0.9623189641417763 2.5111302856745747
4.79 -0.970872448894723 2.51966632670808
4.8 -0.9773308785990947 2.526120207908246
4.8100000000000005 -0.9815360980573521 2.530331460533078
4.82 -0.9834981446962611 2.532307361168945
4.83 -0.9833554452246789 2.5321836235281645
4.84 -0.9813346142769453 2.5301845001190744
4.8500000000000005 -0.9777146539364491 2.526587119416071
4.86 -0.9727979000594057 2.5216924519433377
4.87 -0.9668882659430349 2.51580350343428
4.88 -0.9602762262349532 2.50921021568651
4.89 -0.9532294364686383 2.5021799958423756
4.9 -0.9459877226132718 2.4949526229768875
4.91 -0.9387612428278398 2.48773834076619
4.92 -0.9317308021921128 2.480718118585832
4.93 -0.9250495138514911 2.474045273315801
4.94 -0.9188452033330735 2.4678478462481506
4.95 -0.9132231264012506 2.4622313028211082
4.96 -0.9082687085270263 2.4572812608060177
4.97 -0.9040501173230092 2.453066056248516
4.98 -0.9006205530787115 2.4496390306880715
4.99 -0.8980201927483306 2.4470404738016174
5.0 -0.896277755051133 2.445299188262658
5.01 -0.895411673588311 2.4444336631183163
5.0200000000000005 -0.8954308749721831 2.4444528522846305
5.03 -0.8963351629726586 2.4453565589280624
5.04 -0.8981152100202785 2.4471354269629604
5.05 -0.9007521560303077 2.449770539631822
5.0600000000000005 -0.9042168131745792 2.453232623909704
5.07 -0.9084684756781807 2.457480860052959
5.08 -0.9134533379367278 2.462461299991391
5.09 -0.9191025346691906 2.468104908890445
5.1000000000000005 -0.9253298365431433 2.474325264202178
5.11 -0.9320290676859073 2.481015979841114
5.12 -0.9390713626112657 2.4880479746439015
5.13 -0.9463024550301895 2.495266779650594
5.14 -0.9535402956946655 2.502490183818725
5.15 -0.9605734356915735 2.50950665723176
5.16 -0.9671607867051885 2.5160751656528317
5.17 -0.9730335740454479 2.521927193299269
5.18 -0.9779005105305001 2.526772000185386
5.19 -0.9814573949622711 2.530306310909891
5.2 -0.9834023995842998 2.5322296843710173
5.21 -0.9834581366836271 2.532266628703539
5.22 -0.9814010262773462 2.530195945134224
5.23 -0.9770973513668461 2.525886639350751
5.24 -0.9705435611026286 2.5193379136220315
5.25 -0.9619059055990539 2.510718298213847
5.26 -0.9515517154043812 2.5003962628711225
5.2700000000000005 -0.9400623785163719 2.4889524738633715
5.28 -0.9282175621131598 2.477163453608247
5.29 -0.9169428514506367 2.465949088384834
5.3 -0.9072195627117979 2.456282980314527
5.3100000000000005 -0.8999654246961936 2.4490744041306822
5.32 -0.8959055124085954 2.445041029715668
5.33 -0.8954600898817128 2.4445985631486797
5.34 -0.8986758841483716 2.4477932132222238
5.3500000000000005 -0.9052182838895401 2.454294029381967
5.36 -0.9144265020655703 2.4634470964124957
5.37 -0.9254175144858433 2.4743777657292783
5.38 -0.9372136357829647 2.486116385873279
5.39 -0.9488663170972688 2.497720669299892
5.4 -0.9595545505121469 2.5083733771653947
5.41 -0.9686465438543089 2.5174439818759047
5.42 -0.9757237617285518 2.524513192352693
5.43 -0.9805739459978448 2.5293666790874543
5.44 -0.983163270030282 2.5319679228773766
5.45 -0.9835979092140181 2.532420333582316
5.46 -0.9820833455138589 2.5309269111071018
5.47 -0.9788869839836344 2.527753042081998
5.48 -0.9743070640068361 2.5231954592130474
5.49 -0.9686488525622727 2.5175583996190154
5.5 -0.9622078126425827 2.5111366963234167
5.51 -0.9552587506921592 2.504204835586364
5.5200000000000005 -0.9480496936796984 2.4970107479907453
5.53 -0.9407992631785659 2.489773109170196
5.54 -0.9336964704608198 2.4826810769189747
5.55 -0.9269020652724097 2.4758955967809992
5.5600000000000005 -0.920550779816882 2.4695516155078536
5.57 -0.9147539926196099 2.463760724429104
5.58 -0.909602484926186 2.458613902855049
5.59 -0.9051690749262875 2.4541841446304997
5.6000000000000005 -0.9015109966555013 2.4505288329580996
5.61 -0.8986719467307154 2.447691785331705
5.62 -0.8966837589321731 2.445704927635701
5.63 -0.8955676891585339 2.4445895792660863
5.64 -0.895335305624562 2.4443573436944632
5.65 -0.89598898463673 2.4450106045321203
5.66 -0.8975220134442999 2.4465426284483307
5.67 -0.8999183005909032 2.4489372753390835
5.68 -0.9031516926696359 2.4521683147311837
5.69 -0.9071848961407546 2.456198347284815
5.7 -0.9119680057969116 2.460977333333261
5.71 -0.9174366498384506 2.4664407389690455
5.72 -0.9235097782414039 2.472507327157393
5.73 -0.9300871498603756 2.479076650437876
5.74 -0.9370466191287051 2.4860263475849944
5.75 -0.9442413907892896 2.4932094146056443
5.76 -0.9514975067566493 2.5004517165370777
5.7700000000000005 -0.9586119583180359 2.5075501358811767
5.78 -0.9653519820454346 2.514271918540753
5.79 -0.9714562951607049 2.520355974563179
5.8 -0.9766392394417186 2.5255171020394442
5.8100000000000005 -0.9805989951149485 2.529454290470978
5.82 -0.9830311297565478 2.5318643563184167
5.83 -0.9836486543243127 2.5324620603457833
5.84 -0.9822093198132554 2.5310074054846377
5.8500000000000005 -0.9785499299239396 2.527339844800623
5.86 -0.9726258206480357 2.5214175014922473
5.87 -0.9645513461793912 2.5133572061129796
5.88 -0.9546344626343993 2.5034684517525
5.89 -0.9433959861439537 2.492271929676688
5.9 -0.931562954636255 2.480492257946918
5.91 -0.9200271352850081 2.4690162071876975
5.92 -0.9097651637199405 2.458813171781915
5.93 -0.9017259624178137 2.4508236633083094
5.94 -0.8967019381232787 2.4458321918819177
5.95 -0.8952091579245401 2.4443493002903622
5.96 -0.8974039719879628 2.4465296092668387
5.97 -0.903056974391138 2.452146241679455
5.98 -0.9115910874012746 2.46062823207772
5.99 -0.9221738855366916 2.4711512971811165
6.0 -0.9338413219965592 2.482759692701845
6.01 -0.9456251687625318 2.494492061308252
6.0200000000000005 -0.9566602632961579 2.5054877460370517
6.03 -0.9662571156389549 2.515059199448124
6.04 -0.9739362106010231 2.5227266569351343
6.05 -0.9794288797925147 2.5282196776649144
6.0600000000000005 -0.9826542862200992 2.5314548447426217
6.07 -0.983683042839674 2.532499981640571
6.08 -0.9826964708809325 2.5315338218099077
6.09 -0.9799478695386198 2.5288075047687624
6.1000000000000005 -0.9757294671475761 2.52461160776045
6.11 -0.9703465355523361 2.519250244102105
6.12 -0.9640986601419456 2.513022264734704
6.13 -0.957267312953763 2.506208742744363
6.140000000000001 -0.9501085171877682 2.4990655495322858
6.15 -0.9428493466804435 2.4918197768742436
6.16 -0.9356871315420501 2.4846688801657146
6.17 -0.928790441712278 2.477781614766421
6.18 -0.9223011325613522 2.4713000477433287
6.19 -0.9163369286257388 2.465342118534469
6.2 -0.9109941798396528 2.4600043802961933
6.21 -0.9063505469822221 2.4553646763645256
6.22 -0.9024674628775359 2.4514845965084504
6.23 -0.8993922787455227 2.448411620944321
6.24 -0.8971600469207165 2.446180902276802
6.25 -0.8957949172742316 2.4448166619569416
6.26 -0.8953111395330952 2.444333192945823
6.2700000000000005 -0.8957136708191367 2.444735467583942
6.28 -0.8969983898850645 2.4460193519649955
6.29 -0.89915191889743 2.4481714276035227
6.3 -0.9021510520477783 2.451168419727737
6.3100000000000005 -0.9059617894858171 2.454976230858614
6.32 -0.9105379768840179 2.459548580292222
6.33 -0.9158195575103927 2.464825256848684
6.34 -0.9217304577015022 2.470730006500022
6.3500000000000005 -0.9281761515425018 2.477168101704158
6.36 -0.9350409907296372 2.4840236798119246
6.37 -0.94218544627875 2.4911569990294486
6.38 -0.9494434958400426 2.4984018479484122
6.390000000000001 -0.9566205095592722 2.5055634641645703
6.4 -0.9634921423780793 2.5124174724696484
6.41 -0.969804929873457 2.5187105416548388
6.42 -0.9752794962241143 2.52416366860691
6.43 -0.9796174865585764 2.5284791983214845
6.44 -0.9825134737900735 2.531352819978091
6.45 -0.9836730663610513 2.5324917461696765
6.46 -0.9828381199881727 2.531639947161949
6.47 -0.9798191633074657 2.5286105069673237
6.48 -0.9745337219034805 2.5233237363082
6.49 -0.9670470979998674 2.5158475588548774
6.5 -0.9576094914576813 2.5064340499034543
6.51 -0.9466806705307563 2.495543397040729
6.5200000000000005 -0.934931727777086 2.4838449734380577
6.53 -0.9232141485268924 2.472185996119068
6.54 -0.9124907191098083 2.4615225703334174
6.55 -0.9037310233332708 2.4528160505376198
6.5600000000000005 -0.8977849740924785 2.446908115096454
6.57 -0.8952575923345184 2.444397412318864
6.58 -0.89641271051224 2.445544872530676
6.59 -0.9011292589724064 2.450230766842613
6.6000000000000005 -0.9089214513956251 2.457974532861427
6.61 -0.9190176019884865 2.4680122391708776
6.62 -0.9304777165055412 2.4794123320136556
6.63 -0.942322613546806 2.4912030344885667
6.640000000000001 -0.9536488429467939 2.502486123718114
6.65 -0.963711945594996 2.512519792713113
6.66 -0.9719714347444711 2.5207638670414285
6.67 -0.9781003115669541 2.526889932995755
6.68 -0.9819677427863843 2.5307647386116576
6.69 -0.9836054590263229 2.5324172341522493
6.7 -0.9831674799624893 2.531998763763464
6.71 -0.9808903292263317 2.529743556310459
6.72 -0.9770581403200201 2.525933948223465
6.73 -0.9719746874330799 2.5208724207831645
6.74 -0.9659426854374468 2.514860842678358
6.75 -0.9592496891810927 2.508186283861768
6.76 -0.952159443244263 2.5011122754452693
6.7700000000000005 -0.9449074154958788 2.493874262092734
6.78 -0.9376993384802287 2.4866780766074164
6.79 -0.9307117702504867 2.479700449374649
6.8 -0.9240938996173433 2.473090776209057
6.8100000000000005 -0.9179700205400394 2.466973566884527
6.82 -0.9124422688039783 2.4614511648539343
6.83 -0.9075933465005236 2.4566064612777425
6.84 -0.9034890583590902 2.452505425426403
6.8500000000000005 -0.9001805538815532 2.4491993438595654
6.86 -0.8977062164413917 2.4467267083928212
6.87 -0.8960931705911476 2.4451147232709136
6.88 -0.8953583964790212 2.4443804198810097
6.890000000000001 -0.8955094492869146 2.4445313765489916
6.9 -0.8965447849256513 2.4455660444380554
6.91 -0.898453693186701 2.447473680656644
6.92 -0.9012158380723135 2.450233888316257
6.93 -0.9048004038401956 2.4538157622076264
6.94 -0.9091648461758771 2.4581766397729057
6.95 -0.9142532528787265 2.4632604621907785
6.96 -0.9199943300350916 2.4689957621955334
6.97 -0.9262990510723718 2.4752933169519435
6.98 -0.9330580414304926 2.4820435400017353
6.99 -0.9401388258715717 2.4891137409962756
7.0 -0.9473831444421745 2.496345461363524
7.01 -0.9546046526716335 2.5035522040005755
7.0200000000000005 -0.9615874662408292 2.5105180198645094
7.03 -0.9680861904830736 2.5169975940419063
7.04 -0.9738282823467704 2.5227186797020367
7.05 -0.9785198028205943 2.527387935595594
7.0600000000000005 -0.9818557822753329 2.5307013816897617
7.07 -0.9835364555388862 2.5323607133901405
7.08 -0.9832904015485368 2.532096481509994
7.09 -0.9809049805538389 2.529698490964675
7.1000000000000005 -0.9762632290479155 2.52505252970305
7.11 -0.9693844413381517 2.5181806113243814
7.12 -0.9604631140452428 2.509279388210669
7.13 -0.9498981722562004 2.4987486924551288
7.140000000000001 -0.9383023096582638 2.4872001640156665
7.15 -0.926481151655184 2.4754358979470004
7.16 -0.9153751368845991 2.46439028182051
7.17 -0.9059641793646268 2.455035308351292
7.18 -0.8991454370263711 2.4482597171760556
7.19 -0.895604977444478 2.444742488236387
7.2 -0.8957105219010323 2.4448473321512942
7.21 -0.8994509966373848 2.448563298009006
7.22 -0.9064383821016552 2.4555065895862556
7.23 -0.9159713766511538 2.4649831192593172
7.24 -0.9271446002004361 2.476095943791134
7.25 -0.9389772811271059 2.4878721370042296
7.26 -0.9505344253378064 2.4993826225554976
7.2700000000000005 -0.9610202060117002 2.5098349559973383
7.28 -0.9698338745266927 2.5186293137958877
7.29 -0.9765886392731572 2.5253779064752444
7.3 -0.9811009045894111 2.5298949331686007
7.3100000000000005 -0.9833602313710824 2.532167221161214
7.32 -0.9834901073861186 2.532315516939274
7.33 -0.9817074589965225 2.530554326109701
7.34 -0.97828607117517 2.527155490820152
7.3500000000000005 -0.9735265582192134 2.5224181932301035
7.36 -0.9677336364426162 2.5166461847120463
7.37 -0.9612002549468741 2.51013183621406
7.38 -0.9541975273739958 2.5031459796721154
7.390000000000001 -0.9469692042897838 2.4959322959191166
7.4 -0.9397294706001098 2.488705040965452
7.41 -0.9326630213562632 2.4816490661108195
7.42 -0.9259265805325583 2.474921295574884
7.43 -0.9196512335395729 2.468653030145364
7.44 -0.9139451224567832 2.4629526231852608
7.45 -0.9088961955543107 2.4579082180780354
7.46 -0.9045748103572908 2.4535903442550815
7.47 -0.901036066931037 2.450054246814693
7.48 -0.8983218011209484 2.447341878209001
7.49 -0.8964622019043806 2.4454835152459617
7.5 -0.8954770377709845 2.4444989856892683
7.51 -0.8953764881798292 2.4443985000842035
7.5200000000000005 -0.8961615808190333 2.4451830892790163
7.53 -0.897824236102125 2.4468446489504663
7.54 -0.9003469190867639 2.4493655913067625
7.55 -0.9037018975587938 2.45271810280979
7.5600000000000005 -0.9078501051252719 2.456863006984456
7.57 -0.9127396117400279 2.461748235117972
7.58 -0.9183037135028013 2.467306917270321
7.59 -0.9244586718280424 2.473455124533308
7.6000000000000005 -0.9311011630010531 2.480089324728363
7.61 -0.9381055474879002 2.487083662480778
7.62 -0.9453211397370535 2.494287246418569
7.63 -0.952569759548204 2.5015217269881043
7.640000000000001 -0.9596439804928685 2.5085795830121187
7.65 -0.9663066612903963 2.515223705311591
7.66 -0.9722925472138646 2.521189065789594
7.67 -0.9773129417941078 2.526187471002987
7.68 -0.9810646334181586 2.5299165788079994
7.69 -0.9832443436417325 2.5320744312608525
7.7 -0.9835698300818331 2.532380612390096
7.71 -0.9818082720060793 2.5306046223509027
7.72 -0.9778115171425542 2.5266009994989203
7.73 -0.9715560381101292 2.520348990593094
7.74 -0.9631830459350376 2.5119921867970936
7.75 -0.9530314408668675 2.501870824302648
7.76 -0.9416538871463899 2.4905371359492126
7.7700000000000005 -0.9298054728340407 2.478743412355641
7.78 -0.9183965487495639 2.4673946353973797
7.79 -0.9084073851921263 2.4574635743680213
7.8 -0.9007718769858378 2.449875672672692
7.8100000000000005 -0.8962483354765379 2.4453815836502617
7.82 -0.8953034027057928 2.4444429178690985
7.83 -0.8980361528595738 2.4471576517003584
7.84 -0.9041615651708096 2.4532438949696695
7.8500000000000005 -0.9130576838998937 2.462086219222692
7.86 -0.9238642784031225 2.472832677543968
7.87 -0.9356088717305248 2.4845189702180495
7.88 -0.9473325050749809 2.4961926980826323
7.890000000000001 -0.9581924803427592 2.507015283497435
7.9 -0.9675292581801139 2.5163287697773566
7.91 -0.9748953210760102 2.523685117554763
7.92 -0.9800518284138199 2.528843549898605
7.930000000000001 -0.9829429631441585 2.531745605013662
7.94 -0.9836583893082771 2.5324781661737332
7.95 -0.9823924747568442 2.531233066857371
7.96 -0.9794062338637042 2.528269235190361
7.97 -0.9749952942004182 2.523880723630915
7.98 -0.9694651025518456 2.518371888624269
7.99 -0.9631131995286785 2.512039592000149
8.0 -0.9562176303347101 2.5051615221729717
8.01 -0.9490302573634803 2.4979894195364865
8.02 -0.9417737291336687 2.4907459700817087
8.03 -0.9346410038474834 2.4836242688770267
8.040000000000001 -0.9277965312143652 2.476788956811065
8.05 -0.9213784069960138 2.4703783430526407
8.06 -0.9155010021769153 2.4645070125264334
8.07 -0.9102577215510734 2.459268570627664
8.08 -0.9057236637386566 2.4547382949604826
8.09 -0.9019580400782617 2.450975549752177
8.1 -0.8990062692049674 2.448025878384861
8.11 -0.8969017032907589 2.4459227290197574
8.120000000000001 -0.8956669661096829 2.4446887927712706
8.13 -0.8953148965965755 2.444336947624531
8.14 -0.8958490977984942 2.444870807696901
8.15 -0.8972640927318195 2.4462848791962672
8.16 -0.8995450877789695 2.4485643236664147
8.17 -0.9026673426976104 2.451684327658924
8.18 -0.9065951457940151 2.4556090775695925
8.19 -0.9112803951877437 2.4602903408978394
8.2 -0.9166607945828299 2.465665662861902
8.21 -0.9226576873577593 2.4716562029424805
8.22 -0.9291735796709887 2.478164263122835
8.23 -0.936089446145249 2.4850706028407146
8.24 -0.9432619759287502 2.4922317003349406
8.25 -0.9505210084624582 2.4994772120273714
8.26 -0.9576675326303659 2.5066080062258465
8.27 -0.964472783295605 2.5133953076989384
8.28 -0.9706791628450373 2.5195816824994886
8.290000000000001 -0.9760039281541857 2.524884803125406
8.3 -0.9801467817476175 2.5290051284023454
8.31 -0.9828026268368627 2.53163874661115
8.32 -0.9836806874163372 2.5324965620693867
8.33 -0.9825308126105589 2.531330611279912
8.34 -0.9791769064874384 2.527967405271342
8.35 -0.9735558953947886 2.5223466608433025
8.36 -0.965758419187862 2.514561569411697
8.370000000000001 -0.9560647151076037 2.5048940736302017
8.38 -0.9449665600051721 2.493836091337557
8.39 -0.9331647247995606 2.4820863107025266
8.4 -0.9215325571050924 2.470513427188707
8.41 -0.9110412056811449 2.46008160508471
8.42 -0.9026507316146973 2.451742564394648
8.43 -0.8971821678431479 2.446309261318264
8.44 -0.8951948411730316 2.444335078851466
8.45 -0.8968966148740379 2.4460255862793847
8.46 -0.9021093435807356 2.4512046070117357
8.47 -0.9102985180227653 2.4593433363888506
8.48 -0.9206593827638679 2.469644995834008
8.49 -0.9322380269460638 2.481164059702248
8.5 -0.9440598795910197 2.4929330922679265
8.51 -0.9552407692141905 2.504072773945931
8.52 -0.9650646504795234 2.513869336333104
8.53 -0.9730229465792058 2.5218142138708695
8.540000000000001 -0.978819440157891 2.5276095795513807
8.55 -0.9823498591333185 2.5311486518250286
8.56 -0.9836667237171989 2.5324811613576728
8.57 -0.982938758918739 2.5317732011333165
8.58 -0.9804116222213214 2.52926820372263
8.59 -0.9763739595773239 2.525253094600333
8.6 -0.9711305270827489 2.520031408041627
8.61 -0.9649825315147601 2.5139035640898855
8.620000000000001 -0.9582144189597342 2.5071535698809146
8.63 -0.9510859264138766 2.5000409820609235
8.64 -0.9438281331759586 2.4927968789341834
8.65 -0.9366423599705367 2.4856226950924563
8.66 -0.9297009587744383 2.4786909620586135
8.67 -0.9231492495070079 2.4721472094582357
8.68 -0.9171080555653642 2.466112476182121
8.69 -0.9116764533156714 2.4606860440300045
8.700000000000001 -0.9069344777441679 2.455948133697632
8.71 -0.9029456203819316 2.4519623973018283
8.72 -0.8997590217678918 2.448778108223545
8.73 -0.89741130504559 2.4464319937658523
8.74 -0.8959280252476345 2.444949684398741
8.75 -0.8953247249759737 2.4443467697644685
8.76 -0.8956075951820728 2.4446294598033926
8.77 -0.8967737424399403 2.445794852196721
8.78 -0.8988110637398896 2.447830807078651
8.790000000000001 -0.9016977282886859 2.450715428538594
8.8 -0.9054012648068113 2.454416151554666
8.81 -0.9098772541617407 2.458888434484
8.82 -0.91506763295845 2.464074063190756
8.83 -0.9208986265349229 2.4698990859445322
8.84 -0.9272783530196335 2.4762714217219006
8.85 -0.9340941779278198 2.483078222725365
8.86 -0.9412099563545608 2.490183129936816
8.870000000000001 -0.9484633830032796 2.49742364414075
8.88 -0.9556637848503399 2.5046089497663337
8.89 -0.962590841297186 2.511518679020004
8.9 -0.9689949016427237 2.517903288223988
8.91 -0.9745997794513901 2.523486926371829
8.92 -0.9791091107784752 2.527973879872202
8.93 -0.9822175146237295 2.531059822920678
8.94 -0.9836277992615357 2.532449099256718
8.950000000000001 -0.9830751847118001 2.5318789760432856
8.96 -0.980358792188433 2.529151079032675
8.97 -0.9753793186290801 2.524168877935158
8.98 -0.9681797794275707 2.5169780617978788
8.99 -0.9589835828094065 2.507804054838207
9.0 -0.9482214743099505 2.497078261251249
9.01 -0.9365370063325084 2.4854428357785494
9.02 -0.924760477978993 2.4737241601707787
9.03 -0.9138450544571394 2.4628690107855555
9.040000000000001 -0.9047665061202305 2.453845060288619
9.05 -0.8983985310552228 2.4475176656765028
9.06 -0.8953857688975179 2.444524736229887
9.07 -0.8960420319950145 2.4451766450637287
9.08 -0.9002984876114374 2.4494053226205486
9.09 -0.9077151467244119 2.4567755404167713
9.1 -0.9175526572718457 2.46655546233285
9.11 -0.9288861796798723 2.477828705773123
9.120000000000001 -0.9407345730571209 2.4896217568223493
9.13 -0.9521784806247934 2.5010208195556025
9.14 -0.96244849142544 2.511259480866375
9.15 -0.9709753035452041 2.519769036774879
9.16 -0.9774036117186525 2.5261929581933726
9.17 -0.9815777998408212 2.530373305207558
9.18 -0.9835099343835 2.532319381208571
9.19 -0.9833399108955704 2.532168371920789
9.200000000000001 -0.981295286603547 2.530145478512895
9.21 -0.9776555611463139 2.526528334031527
9.22 -0.972723222080655 2.5216180674022697
9.23 -0.9668020861235708 2.5157175934928238
9.24 -0.9601823681636846 2.5091165988285686
9.25 -0.9531313690207418 2.502082139120644
9.26 -0.9458885160443166 2.4948535970623054
9.27 -0.9386635606525193 2.4876408109908144
9.28 -0.9316369163890258 2.4806243595188495
9.290000000000001 -0.9249613338420077 2.4739571972938563
9.3 -0.9187643117791673 2.4677670388691753
9.31 -0.913150816991892 2.4621590605357975
9.32 -0.9082060225557905 2.4572186273786896
9.33 -0.903997877052265 2.4530138560578107
9.34 -0.9005793907165075 2.449597897674538
9.35 -0.8979905744136967 2.4470108754239313
9.36 -0.8962599994442499 2.445281444169074
9.370000000000001 -0.8954059652735336 2.4444279584346824
9.38 -0.895437272271496 2.44445924551231
9.39 -0.8963536004915292 2.445374984471453
9.4 -0.898145495816535 2.4471656922965175
9.41 -0.9007939634142623 2.449812317095599
9.42 -0.9042696671185778 2.4532854371139976
9.43 -0.9085317338410787 2.4575440649018807
9.44 -0.9135261664030602 2.4625340604319748
9.450000000000001 -0.9191838787014922 2.468186167695795
9.46 -0.9254183869967597 2.4744137094522425
9.47 -0.9321232242992312 2.481110008333389
9.48 -0.9391691962334362 2.4881456543213845
9.49 -0.9464016720641591 2.4953658143560995
9.5 -0.9536382096935876 2.502587885349154
9.51 -0.9606669531996092 2.5095999318188884
9.52 -0.9672464170544259 2.5161605246082894
9.53 -0.9731074757355315 2.522000800449886
9.540000000000001 -0.9779585895978892 2.526829771452711
9.55 -0.9814954725719912 2.530344083124473
9.56 -0.983416465602252 2.5322434698060317
9.57 -0.9834447012795334 2.5322529669389606
9.58 -0.9813575703028489 2.530152352393896
9.59 -0.9770228561290853 2.525812135249235
9.6 -0.9704390683412029 2.5192335755764184
9.61 -0.9617750213455095 2.5105877571439343
9.620000000000001 -0.95140093471802 2.500246018085896
9.63 -0.9399010861658762 2.4887918844262886
9.64 -0.9280575761402506 2.477004276567472
9.65 -0.9167974391491919 2.4658044971871647
9.66 -0.9071019752307338 2.456166112008111
9.67 -0.8998871455603678 2.4489966297188484
9.68 -0.8958745478792244 2.445010270394228
9.69 -0.8954796843608134 2.4446180274095273
9.700000000000001 -0.8987439795239206 2.4478608658268746
9.71 -0.9053278638110337 2.4544029294739165
9.72 -0.9145667309334163 2.4635865169474767
9.73 -0.9255753840334052 2.4745348143543477
9.74 -0.9373757394438499 2.486277755943078
9.75 -0.9490204028571029 2.4978741778024163
9.76 -0.9596906232540477 2.508509062446326
9.77 -0.9687574386555619 2.517554680821065
9.78 -0.9758052365368611 2.524594641812576
9.790000000000001 -0.9806244174306394 2.5294172616500665
9.8 -0.9831833382090779 2.531988200367958
9.81 -0.9835898015440668 2.532412497018493
9.82 -0.982050374497927 2.530894242077596
9.83 -0.9788330762198465 2.527699443176164
9.84 -0.9742363856802625 2.5231250794888016
9.85 -0.9685655344127018 2.5174753587233116
9.86 -0.9621157642559356 2.5110448975908595
9.870000000000001 -0.9551615479738016 2.5041078522829765
9.88 -0.9479505221226655 2.4969117654842172
9.89 -0.940700900982883 2.4896749071526174
9.9 -0.9336012982128027 2.482586038400617
9.91 -0.9268120918265161 2.4758057334759522
9.92 -0.9204676767324468 2.4694686019294707
9.93 -0.9146791317700793 2.4636859352767417
9.94 -0.9095369756678501 2.458548450046672
9.950000000000001 -0.9051137985238168 2.4541289116518015
9.96 -0.9014666365866743 2.450484505129843
9.97 -0.8986390141142062 2.447658875223863
9.98 -0.8966626127157159 2.4456837952547525
9.99 -0.895558550933269 2.4445804468738284
10.0 -0.8953382690457908 2.444360305233688
10.01 -0.896004019470915 2.445025629676219
10.02 -0.8975489642583251 2.446569561289671
10.03 -0.8999568800778915 2.448975827710865
10.040000000000001 -0.9032014695897687 2.4522180541430787
10.05 -0.9072452778693726 2.4562586794684753
10.06 -0.912038215544177 2.461047479467962
10.07 -0.9175156987694203 2.4665197078254186
10.08 -0.9235964330275865 2.4725938827032414
10.09 -0.9301798966901164 2.479169275951265
10.1 -0.937143625963845 2.4861232080855977
10.11 -0.9443404707589478 2.493308320524794
10.120000000000001 -0.951596087106133 2.5005500930792115
10.13 -0.958707061342367 2.507645004542382
10.14 -0.9654402269344123 2.5143598997413354
10.15 -0.9715339325439077 2.5204333231919582
10.16 -0.9767022333039755 2.525579790545445
10.17 -0.9806431689613143 2.5294981562687617
10.18 -0.983052394255162 2.5318853305033704
10.19 -0.9836433303764701 2.532456491278819
10.200000000000001 -0.9821745618150185 2.5309724814509
10.21 -0.9784842365389065 2.5272741023863845
10.22 -0.9725295932884667 2.5213213792567597
10.23 -0.964427419822837 2.5132335679404836
10.24 -0.954488495622246 2.50332296711614
10.25 -0.9432365676869637 2.4921131713704368
10.26 -0.9314012890346096 2.4803313794458357
10.27 -0.9198762088975904 2.4688661095054507
10.28 -0.9096384030013468 2.458687171141695
10.290000000000001 -0.9016355351303559 2.450733811911565
10.3 -0.8966569932720755 2.4457875433244936
10.31 -0.8952143829492439 2.4443544905321355
10.32 -0.8974588172520078 2.4465840947951665
10.33 -0.9031557453374705 2.4522443900098456
10.34 -0.9117238801535396 2.4607602410164144
10.35 -0.9223281263766131 2.4713047094559792
10.36 -0.934003544417063 2.482921148220655
10.370000000000001 -0.9457826587802142 2.4946489247732413
10.38 -0.9568023040978292 2.505629344097237
10.39 -0.9663757107652932 2.5151775456835805
10.4 -0.9740263026397472 2.5228166783169628
10.41 -0.9794881727062806 2.528279046825495
10.42 -0.9826828156358453 2.5314835594780076
10.43 -0.9836826314832062 2.532499827277128
10.44 -0.982670175011694 2.5315078219137543
10.450000000000001 -0.9798994839583695 2.5287594281253467
10.46 -0.9756631222206262 2.524545565714878
10.47 -0.9702663945601039 2.519170387243965
10.48 -0.9640087097158583 2.512932572197786
10.49 -0.957171231560493 2.5061128894503293
10.5 -0.9500096042807266 2.498966834196254
10.51 -0.9427504959880703 2.4917210943363695
10.52 -0.9355908343892432 2.484572723968483
10.53 -0.9286988091922944 2.4776900987798247
10.540000000000001 -0.9222159281811805 2.471214938428715
10.55 -0.9162596054500931 2.4652648718358554
10.56 -0.9109259180678005 2.459936179059432
10.57 -0.9062922893258184 2.4553064656241252
10.58 -0.9024199461336841 2.4514371150139587
10.59 -0.8993560606588792 2.4483754280033114
10.6 -0.8971355278795086 2.44615639944731
10.61 -0.8957823566548065 2.4448041093955473
10.620000000000001 -0.8953106666498332 2.4443327203627234
10.63 -0.8957252904939916 2.4447470798159445
10.64 -0.8970219826567101 2.4460429291847885
10.65 -0.899187235870867 2.448206720166077
10.66 -0.9021977043654354 2.4512150376362722
10.67 -0.9060192324039047 2.455033627837128
10.68 -0.9106054884902561 2.4596160325059886
10.69 -0.9158962122534237 2.4649018364511814
10.700000000000001 -0.9218150951602865 2.4708145504463297
10.71 -0.9282673412986807 2.4772591767101324
10.72 -0.9351369948832873 2.484119545021479
10.73 -0.9422841821455984 2.491255568955865
10.74 -0.9495425027675253 2.4985006596605492
10.75 -0.956716925669172 2.5056596545620615
10.76 -0.9635826994085445 2.512507773852762
10.77 -0.9698859770744336 2.5187913065601917
10.78 -0.9753470671891404 2.5242309377726198
10.790000000000001 -0.979667425372185 2.5285288280743163
10.8 -0.982541637900722 2.531380686258651
10.81 -0.983675621553569 2.5324940402275304
10.82 -0.9828119355696111 2.53161357052128
10.83 -0.9797623007300938 2.5285535582329492
10.84 -0.9744459857012581 2.523236058026275
10.85 -0.9669305843778818 2.515731279376693
10.86 -0.9574690316047655 2.5062940176247412
10.870000000000001 -0.9465240332998189 2.49538737310875
10.88 -0.9347694366356348 2.483683440634386
10.89 -0.9230587999053813 2.4720314748041643
10.9 -0.9123557761055462 2.4613884188423425
10.91 -0.9036291937910511 2.4527148602162834
10.92 -0.8977264313181489 2.4468499554675596
10.93 -0.895248403057545 2.4443882841982187
10.94 -0.8964538411496922 2.4455857315720673
10.950000000000001 -0.9012164136531028 2.450317364469428
10.96 -0.9090457842958569 2.4580981160028577
10.97 -0.9191671193969547 2.4681609290521562
10.98 -0.9306390261560419 2.4795728478330537
10.99 -0.9424826404419476 2.491362389021238
11.0 -0.9537962066630258 2.5026329901695896
11.01 -0.9638378350319327 2.5126453789031684
11.02 -0.9720699618970498 2.5208622756478114
11.03 -0.9781684322763936 2.5269580919797834
11.040000000000001 -0.9820048836777419 2.530802037793004
11.05 -0.9836129931590599 2.532425008520783
11.06 -0.983148167296582 2.5319797389609944
11.07 -0.9808478002750601 2.5297013348480024
11.08 -0.9769964653084697 2.525872579357646
11.09 -0.9718980454065738 2.520796069175069
11.1 -0.9658551295928748 2.514773552679724
11.11 -0.959154994944747 2.508091826355393
11.120000000000001 -0.9520610219664128 2.5010140603530235
11.13 -0.9448082767696886 2.49377529967934
11.14 -0.9376020862058313 2.486580972740417
11.15 -0.9306186204250679 2.4796074227145715
11.16 -0.9240067107111444 2.4730036881607127
11.17 -0.9178903298507132 2.4668939576657403
11.18 -0.9123713302321095 2.4613802910895908
11.19 -0.9075321667524623 2.456545332095229
11.200000000000001 -0.903438429716926 2.452454835168237
11.21 -0.9001410824639642 2.4491599003187323
11.22 -0.8976783453933986 2.4466988559955265
11.23 -0.8960771979558811 2.445098760950535
11.24 -0.8953544876782628 2.444376513563765
11.25 -0.8955176442149516 2.444539566251949
11.26 -0.8965649996783612 2.445586245999372
11.27 -0.8984857164332954 2.4475056821049606
11.28 -0.9012593220551065 2.4502773408656378
11.290000000000001 -0.9048548499816236 2.4538701658599478
11.3 -0.9092295853072503 2.4582413235468117
11.31 -0.9143274202123931 2.4633345591061597
11.32 -0.9200768352196727 2.4690781793638052
11.33 -0.9263885440491606 2.4753827015051444
11.34 -0.9331528754102035 2.482138242199862
11.35 -0.9402370196490887 2.4892117767566777
11.36 -0.9474823475442576 2.496444477739359
11.370000000000001 -0.9547021185640704 2.5036494528707482
11.38 -0.9616800410482772 2.5106103473232206
11.39 -0.9681703273551096 2.517081455644595
11.4 -0.9739000945334685 2.5227901946247275
11.41 -0.97857517122267 2.527442995408829
11.42 -0.9818905348170511 2.5307358309362327
11.43 -0.983546634743684 2.5323706180495424
11.44 -0.9832726311634198 2.5320784957325166
11.450000000000001 -0.9808569295765411 2.5296503198050524
11.46 -0.97618414994647 2.5249734639636867
11.47 -0.9692757280945471 2.5180720796336726
11.48 -0.9603287879457872 2.5091454343163075
11.49 -0.9497451677993755 2.498596251187219
11.5 -0.9381404147944038 2.487038992561388
11.51 -0.9263224750951994 2.4752780387525797
11.52 -0.9152330461407244 2.4642490044872543
11.53 -0.9058517767578541 2.454923599776072
11.540000000000001 -0.8990737911825918 2.4481885359095017
11.55 -0.8955814527196285 2.44471911972147
11.56 -0.8957375874463335 2.4448742181304253
11.57 -0.8995258138260139 2.448637631325309
11.58 -0.9065532782769256 2.455620779477413
11.59 -0.9161150814157885 2.4651260066382896
11.6 -0.9273039356263787 2.4762544655885677
11.61 -0.9391389231195143 2.4880330651436147
11.620000000000001 -0.9506864003773275 2.499534047287244
11.63 -0.9611529162530797 2.5099673078232083
11.64 -0.9699405940919151 2.5187358646196603
11.65 -0.9766655449390466 2.525454809432105
11.66 -0.9811467710328591 2.529940927776223
11.67 -0.9833759364491471 2.5321831469391913
11.68 -0.9834780729281564 2.5323037599764464
11.69 -0.9816711164541847 2.5305182879229795
11.700000000000001 -0.9782294040201751 2.52709913192377
11.71 -0.9734537424528518 2.5223456734620724
11.72 -0.9676487797028456 2.516561601416547
11.73 -0.9611072227764772 2.510039049295645
11.74 -0.954099840078282 2.503048507235634
11.75 -0.9468699870838387 2.495833263346369
11.76 -0.9396314414478848 2.4886071678895
11.77 -0.9325685036451621 2.481554678435054
11.78 -0.9258375306511233 2.4748323525798392
11.790000000000001 -0.9195692760782729 2.468571159368129
11.8 -0.9138715879438394 2.462879157947574
11.81 -0.9088321573359017 2.4578442342407807
11.82 -0.9045211184794129 2.453536694030703
11.83 -0.9009933777550861 2.4500115883497755
11.84 -0.8982906019881858 2.447310700237579
11.85 -0.8964428305296027 2.4454641564835295
11.86 -0.8954696962544276 2.4444916488494615
11.870000000000001 -0.8953812516272835 2.444403260503626
11.88 -0.8961784005915311 2.4451998981690473
11.89 -0.8978529377085348 2.4468733312884545
11.9 -0.9003871947103051 2.4494058383582344
11.91 -0.9037532931954446 2.4527694592617877
11.92 -0.9079120023326803 2.456924852692665
11.93 -0.9128112040787797 2.4618197615559585
11.94 -0.9183839779339693 2.467387098954358
11.950000000000001 -0.9245463356580139 2.4735426860274075
11.96 -0.931194667495488 2.480182704370006
11.97 -0.9382030100826231 2.4871809747795766
11.98 -0.9454203179351431 2.4943862462476174
11.99 -0.9526680211888663 2.5016197802887605
12.0 -0.9597382871633201 2.508673650819437
12.01 -0.9663935742154961 2.515310350463114
12.02 -0.9723682678513609 2.5212644945498752
12.030000000000001 -0.97737340219967 2.5262476246239265
12.040000000000001 -0.9811056534650269 2.529957291982015
12.05 -0.9832618721159219 2.532091674234433
12.06 -0.9835602826697006 2.5323708293391
12.07 -0.9817689689187324 2.530565168179449
12.08 -0.9777412042857977 2.5265306582890714
12.09 -0.9714554471604738 2.520248530477388
12.1 -0.9630554122275113 2.511864870010573
12.11 -0.9528828605629244 2.501722754630886
12.120000000000001 -0.9414933701794913 2.490377302106036
12.13 -0.9296445542950361 2.478583293268832
12.14 -0.9182483764896513 2.467247289005413
12.15 -0.9082853114201456 2.457342240408216
12.16 -0.9006877286688696 2.4497920638784194
12.17 -0.896210676763067 2.445344173945286
12.18 -0.8953161715577805 2.4444556017738632
12.19 -0.8980980068467078 2.4472191017273666
12.200000000000001 -0.9042661063529497 2.453347782472101
12.21 -0.9131945037590884 2.4622222412291412
12.22 -0.9240205573183097 2.4729881308484165
12.23 -0.9357711583226388 2.484680506618975
12.24 -0.9474883155968384 2.4963479075030133
12.25 -0.958331469730238 2.5071538590627878
12.26 -0.9676438643066817 2.5164431550005357
12.27 -0.9749809161883679 2.523770666091173
12.280000000000001 -0.9801064946183854 2.5288983110189442
12.290000000000001 -0.9829670375156659 2.531769877651971
12.3 -0.9836539122047198 2.5324739537799448
12.31 -0.9823626415976094 2.5312035330735974
12.32 -0.9793549124246589 2.5282182228273697
12.33 -0.9749266365072559 2.523812366694832
12.34 -0.9693832568000946 2.5182903234687424
12.35 -0.9630221131810132 2.5119487592559295
12.36 -0.9561209287342386 2.505065044124111
12.370000000000001 -0.9489311804474069 2.4978905357124255
12.38 -0.9416751100113742 2.4906475149100227
12.39 -0.9345452755617325 2.4835286777314156
12.4 -0.9277057509374131 2.4766982896875547
12.41 -0.9212942896702655 2.4702943178501684
12.42 -0.915424957940816 2.464431042236212
12.43 -0.9101908931264463 2.45920180057443
12.44 -0.9056669613241659 2.454681637612792
12.450000000000001 -0.9019121722659004 2.4509297155972583
12.46 -0.8989717690944474 2.4479914020268643
12.47 -0.8968789493968149 2.4458999900849783
12.48 -0.8956561979049559 2.444678031455103
12.49 -0.8953162246599403 2.4443382748448665
12.5 -0.8958625085865087 2.4448842098685954
12.51 -0.8972894479913839 2.4463102176434024
12.52 -0.8995821185986269 2.4486013286699615
12.530000000000001 -0.9027156381768425 2.451732587120869
12.540000000000001 -0.9066541363182931 2.455668020284735
12.55 -0.9113493303592861 2.4603592144889292
12.56 -0.9167387160067936 2.465743506586433
12.57 -0.922743396764141 2.471741815863804
12.58 -0.9292656033188367 2.4782561686092883
12.59 -0.9361859971757482 2.485167011082062
12.6 -0.9433609173859134 2.4923304716237
12.61 -0.9506198211658984 2.4995758250235687
12.620000000000001 -0.9577632940286658 2.506703537370102
12.63 -0.9645621658641803 2.5134844303692963
12.64 -0.9707584634186647 2.5196606973153917
12.65 -0.9760691424950017 2.5249497136724806
12.66 -0.9801937410059415 2.5290517789353903
12.67 -0.9828272132527442 2.5316630388697696
12.68 -0.9836791439449434 2.5324947655224475
12.69 -0.9825001529103713 2.5312997726997937
12.700000000000001 -0.9791154154990999 2.5279058471991487
12.71 -0.97346368493126 2.5222545327224326
12.72 -0.9656379683032114 2.514441380839688
12.73 -0.9559212867778438 2.504751101708188
12.74 -0.9448083554096415 2.4936785250526325
12.75 -0.9330026318035051 2.4819249919361797
12.76 -0.9213793894082382 2.4703610886285556
12.77 -0.9109104241192229 2.459951599751413
12.780000000000001 -0.9025547791248664 2.451647218960269
12.790000000000001 -0.8971306964158331 2.446258128124521
12.8 -0.8951932037982798 2.444333452377971
12.81 -0.896944983810131 2.446073636864832
12.82 -0.9022026814676264 2.451297352486222
12.83 -0.910427409434002 2.459471459008548
12.84 -0.9208115119638308 2.4697962958513933
12.85 -0.9323999456203859 2.481325197814776
12.86 -0.9442186886498477 2.4930912524855184
12.870000000000001 -0.9553854279977706 2.5042169639003893
12.88 -0.9651867720395707 2.5139911832669926
12.89 -0.973117079622427 2.521908253771037
12.9 -0.9788829367505917 2.5276731346998433
12.91 -0.9823824705235514 2.531181436053402
12.92 -0.9836700642698534 2.5324847512661766
12.93 -0.9829157489811929 2.5317504835805646
12.94 -0.9803659825967812 2.529222872545774
12.950000000000001 -0.9763097951797877 2.5251892347725757
12.96 -0.9710520109109839 2.5199531790757073
12.97 -0.9648936832867707 2.5138149775774767
12.98 -0.9581189640616986 2.507058347199762
12.99 -0.9509872178648412 2.499942475173251
13.0 -0.9437291198412945 2.492698037615342
13.01 -0.9365455865456138 2.4855260661420577
13.02 -0.9296085859585517 2.4785987089027266
13.030000000000001 -0.9230630856313127 2.4720611433756257
13.040000000000001 -0.9170295934038554 2.466034092847212
13.05 -0.9116069077844119 2.460616561043406
13.06 -0.9068748216888429 2.4558885262751167
13.07 -0.9028966167302765 2.451913430375183
13.08 -0.899721251062444 2.448740363951286
13.09 -0.8973851878526883 2.4464058939371025
13.1 -0.8959138392293396 2.444935507508096
13.11 -0.8953226165683196 2.4443446626954386
13.120000000000001 -0.8956175858898708 2.4446394441270005
13.13 -0.896795729769274 2.4458168251046244
13.14 -0.8988448167723696 2.4478645369545777
13.15 -0.9017428778803286 2.450760545152212
13.16 -0.9054572883927319 2.4544721308620043
13.17 -0.9099434551916621 2.4589545780644477
13.18 -0.9151431151090834 2.464149472474362
13.19 -0.9209822630836191 2.469982631625233
13.200000000000001 -0.9273687521709874 2.4763617091640215
13.21 -0.9341896455253033 2.4831735548165272
13.22 -0.9413084583587683 2.4902814697959434
13.23 -0.94856251145897 2.4975225814361344
13.24 -0.9557607328682882 2.5047056762060054
13.25 -0.9626823948766585 2.511609980874165
13.26 -0.9690774588958485 2.5179855664610225
13.27 -0.9746694107252023 2.5235562578908244
13.280000000000001 -0.9791616757740296 2.5280261358559475
13.290000000000001 -0.9822488539205236 2.5310908615405014
13.3 -0.9836340161488678 2.532455048310714
13.31 -0.9830530268149203 2.5318566145255073
13.32 -0.980306128649619 2.5290983127535367
13.33 -0.9752956855840881 2.5240852812598358
13.34 -0.9680669340775766 2.516865425353103
13.35 -0.9588459682896774 2.5076668415694323
13.36 -0.9480664634790518 2.4969238402256604
13.370000000000001 -0.9363747786576014 2.4852813505376323
13.38 -0.9246034092422194 2.473567915041989
13.39 -0.9137065782896802 2.4627313377404203
13.4 -0.9046595362677093 2.4537387568416573
13.41 -0.8983336835819772 2.44745324085002
13.42 -0.895369739351371 2.444508813275516
13.43 -0.8960765049474236 2.4452108898140725
13.44 -0.9003798546326353 2.449486166518869
13.450000000000001 -0.9078351067759195 2.456894770239874
13.46 -0.917699543257069 2.4667015244613157
13.47 -0.9290466835858374 2.47798840549234
13.48 -0.9408954867373195 2.4897819778029033
13.49 -0.9523281318188731 2.5011699480085836
13.5 -0.9625776904071718 2.5113883504116394
13.51 -0.9710777639124281 2.519871354974063
13.52 -0.9774759220672545 2.5262652876795695
13.530000000000001 -0.9816190817370786 2.530414731444148
13.540000000000001 -0.9835213308925564 2.5323310090096447
13.55 -0.9833240263625593 2.5321527706079867
13.56 -0.9812556612734594 2.530106159400397
13.57 -0.9775962274159536 2.5264693076047635
13.58 -0.9726483600203457 2.5215434985108978
13.59 -0.9667157764584038 2.515631553339868
13.6 -0.9600884301441379 2.509022901612167
13.61 -0.9530332662779528 2.501984246686586
13.620000000000001 -0.9457893132696865 2.494754574541645
13.63 -0.9385659158720429 2.487543318241252
13.64 -0.9315430964140605 2.480530665949409
13.65 -0.9248732433826559 2.4738692105319586
13.66 -0.9186835292975298 2.467686340311604
13.67 -0.913078632490312 2.4620869429432863
13.68 -0.9081434741218201 2.457156131305026
13.69 -0.9039457841693291 2.4529618030975904
13.700000000000001 -0.9005383831755978 2.4495569193459144
13.71 -0.8979611162077022 2.4469814370540677
13.72 -0.8962424073648959 2.445263863492457
13.73 -0.8954004221207349 2.4444224188074744
13.74 -0.8954438346733696 2.4444658037368105
13.75 -0.896372201357093 2.4453935732504126
13.76 -0.8981759414314152 2.4471961173269454
13.77 -0.9008359251673651 2.449854248790823
13.780000000000001 -0.9043226678379517 2.4533383969346456
13.790000000000001 -0.9085951287452492 2.4576074063064084
13.8 -0.9135991187695057 2.4626069445552847
13.81 -0.9192653305543569 2.468267534068157
13.82 -0.9255070254692754 2.474502242428267
13.83 -0.9322174448932393 2.4812041004729353
13.84 -0.9392670650520335 2.488243368823738
13.85 -0.9465008903148266 2.495464849876125
13.86 -0.9537360854258554 2.5026855481950783
13.870000000000001 -0.9607603874011005 2.509693122691041
13.88 -0.967331913855467 2.51624574965469
13.89 -0.9731811893891184 2.5220742193045567
13.9 -0.9780164236757201 2.526887297643337
13.91 -0.9815332486221509 2.530381553951253
13.92 -0.9834301779959048 2.5322569021434704
13.93 -0.9834308701923545 2.532238910465133
13.94 -0.9813136933645693 2.530108340176466
13.950000000000001 -0.9769479390189529 2.525737211282604
13.96 -0.9703341846689743 2.5191288490608827
13.97 -0.9616438149681895 2.5104568966112355
13.98 -0.9512499410476164 2.500095562846779
13.99 -0.9397397274269187 2.4886312305406157
14.0 -0.9278976979973609 2.47684520821986
14.01 -0.9166523194839079 2.46566019802677
14.02 -0.9069848531759642 2.456049706924664
14.030000000000001 -0.8998094681445489 2.44891945341932
14.040000000000001 -0.8958442636103562 2.4449801868658474
14.05 -0.8954999669330542 2.444638175208401
14.06 -0.8988126987985675 2.447929138483751
14.07 -0.905437942076441 2.4545123253778947
14.08 -0.9147072911081752 2.4637262678498484
14.09 -0.925733400615128 2.4746920105912382
14.1 -0.9375378120072285 2.4864390966652907
14.11 -0.9491743039601551 2.498027504093548
14.120000000000001 -0.9598263937546415 2.508644448152945
14.13 -0.9688679538845536 2.5176650027043848
14.14 -0.9758862931627593 2.5246756752009305
14.15 -0.9806744653984135 2.5294674223473157
14.16 -0.9832030036596474 2.532008076209403
14.17 -0.983581330233821 2.5324042974291827
14.18 -0.982017090281566 2.530861260086918
14.19 -0.9787789112572282 2.527645587031846
14.200000000000001 -0.9741655073055666 2.5230544994872055
14.21 -0.9684820714106533 2.5173921726308164
14.22 -0.9620236222681542 2.510953004855197
14.23 -0.9550642978498739 2.504010821155693
14.24 -0.9478513438345868 2.496812775839592
14.25 -0.9406025671898092 2.4895767331587475
14.26 -0.933506184224734 2.482491057800349
14.27 -0.9267222016487172 2.4757159531374606
14.280000000000001 -0.9203846775771611 2.4693856920185313
14.290000000000001 -0.914604391680596 2.463611266659703
14.3 -0.9094716006627921 2.458483131299587
14.31 -0.9050586669739753 2.4540738233615063
14.32 -0.9014224294571178 2.4504403300990987
14.33 -0.8986062403223084 2.4476261238159642
14.34 -0.8966416292464735 2.4456628255081068
14.35 -0.895549577579993 2.444571479247141
14.36 -0.8953413977573298 2.4443634319580934
14.370000000000001 -0.896019218325446 2.445040818731629
14.38 -0.897576076079471 2.4465966550199685
14.39 -0.8999956156871982 2.4490145360723696
14.4 -0.9032513956738448 2.452267942566533
14.41 -0.9073057994545788 2.4563191513311917
14.42 -0.9121085531446017 2.461117753247966
14.43 -0.9175948604401291 2.4665987891786747
14.44 -0.9236831818595155 2.472680532013338
14.450000000000001 -0.930272714782399 2.4792619724052503
14.46 -0.9372406766735764 2.486220112099601
14.47 -0.9444395621370392 2.49340723745778
14.48 -0.9516946409614068 2.500648442711718
14.49 -0.9588020943942821 2.5077398028168507
14.5 -0.9655283530184303 2.5144477617578866
14.51 -0.9716113976982497 2.520510499297226
14.52 -0.976764998445049 2.5256422501860816
14.530000000000001 -0.9806870570474976 2.5295417363951636
14.540000000000001 -0.9830733191516641 2.531905965502374
14.55 -0.9836376212905634 2.5324505379124433
14.56 -0.9821393878883143 2.5309371428259104
14.57 -0.9784181186122788 2.527207937294154
14.58 -0.972432962600782 2.521224856026767
14.59 -0.9643031477476641 2.5131095866777597
14.6 -0.954342280603936 2.5031772370839667
14.61 -0.9430770378697765 2.491954303861731
14.620000000000001 -0.9312396798832457 2.480170558610025
14.63 -0.9197255228692881 2.468716252025831
14.64 -0.9095120613353086 2.4585615878016265
14.65 -0.9015456759475132 2.4506445253687277
14.66 -0.8966127132151712 2.4457435552660405
14.67 -0.8952203013400216 2.4443603695256915
14.68 -0.8975143115367313 2.4466392252229587
14.69 -0.9032550554631663 2.4523430745705834
14.700000000000001 -0.9118570544439489 2.4608926300949854
14.71 -0.9224825668686903 2.4714583215558115
14.72 -0.9341657844701211 2.4830826228347647
14.73 -0.9459400044168592 2.4948056461557044
14.74 -0.956944071996456 2.5057706719022637
14.75 -0.9664939441720125 2.515295532785071
14.76 -0.9741159837796664 2.522906291040902
14.77 -0.979547040674127 2.528337992789605
14.780000000000001 -0.982710934246462 2.5315118646315247
14.790000000000001 -0.9836818439563746 2.532499297481726
14.8 -0.9826435508374448 2.531481494048575
14.81 -0.9798508250050469 2.528711078138754
14.82 -0.9755965611146593 2.5244793073065575
14.83 -0.9701860933856102 2.5190903698853226
14.84 -0.9639186516247189 2.5128427716053414
14.85 -0.9570750902036964 2.506016975775731
14.86 -0.9499106736693906 2.4988681007435414
14.870000000000001 -0.9426516642802512 2.491622430394946
14.88 -0.9354945875373223 2.484476617719218
14.89 -0.9286072533082804 2.477598659116118
14.9 -0.9221308222788093 2.471129927319087
14.91 -0.9161823986183384 2.465187741246285
14.92 -0.910857787032636 2.459868108358548
14.93 -0.9062341737849978 2.4552483968277157
14.94 -0.9023725802703175 2.4513897842523407
14.950000000000001 -0.8993199999352706 2.4483393922963432
14.96 -0.897111170660931 2.446132058324719
14.97 -0.8957699604804676 2.444791721171492
14.98 -0.8953103591091812 2.4443324130172526
14.99 -0.8957370747229736 2.4447588564946625
15.0 -0.897045737473779 2.446066668334952
15.01 -0.8992227105533365 2.4482421703096873
15.02 -0.9022445080469684 2.4512618067624388
15.030000000000001 -0.9060768180772846 2.455091167401051
15.040000000000001 -0.9106731316526969 2.4596836160771867
15.05 -0.9159729843673567 2.4649785331920624
15.06 -0.9218998323625109 2.470899193865801
15.07 -0.9283586092282965 2.477350329579083
15.08 -0.9352330511801631 2.4842154620238164
15.09 -0.9423829391735982 2.4913541596573374
15.1 -0.9496414945221552 2.4985994557885185
15.11 -0.9568132847063767 2.505755787469307
15.120000000000001 -0.9636731520029487 2.5125979704064103
15.13 -0.9699668676009648 2.5188719144665024
15.14 -0.9754144256497628 2.524297994239305
15.15 -0.9797170944738768 2.5285781881286704
15.16 -0.9825694770918124 2.5314082279329675
15.17 -0.9836778033339078 2.532495961582913
15.18 -0.9827853420418696 2.531586785961583
15.19 -0.9797050133498316 2.528496186411253
15.200000000000001 -0.9743578367017119 2.52314796915932
15.21 -0.9668137047018922 2.515614636414946
15.22 -0.9573282919001319 2.506153708149368
15.23 -0.9463672422928769 2.4952311977360875
15.24 -0.9346071519013469 2.4835219157691943
15.25 -0.9229036389666846 2.4718771414390717
15.26 -0.912221203383263 2.461254636339315
15.27 -0.9035278944777553 2.452614197267147
15.280000000000001 -0.8976685323170502 2.4467924355482538
15.290000000000001 -0.8952399064700621 2.444379844160333
15.3 -0.8964956405900898 2.4456272550765705
15.31 -0.9013041444628324 2.4504045348899366
15.32 -0.9091705470105401 2.458222127102948
15.33 -0.9193168890909594 2.4683098709634255
15.34 -0.9308004038229082 2.4797334328068947
15.35 -0.9426425659748136 2.491521644303413
15.36 -0.9539433300510755 2.5027796188881823
15.370000000000001 -0.9639633838210401 2.512770627083503
15.38 -0.9721680882780933 2.520960285841954
15.39 -0.9782361288329505 2.5270258287076066
15.4 -0.9820416073341992 2.5308389211104343
15.41 -0.9836201396496033 2.5324323961159365
15.42 -0.9831285117814966 2.5319603717499284
15.43 -0.9808049819502185 2.529658824118925
15.44 -0.9769345578833004 2.5258109779463718
15.450000000000001 -0.9718212275820156 2.5207195414817742
15.46 -0.9657674516272219 2.514686140184704
15.47 -0.9590602277456651 2.507997295473036
15.48 -0.9519625715605071 2.5009158157165805
15.49 -0.9447091471762206 2.49367634600225
15.5 -0.9375048758715814 2.4864839104499676
15.51 -0.9305255402415116 2.479514465371789
15.52 -0.9239196145113551 2.472916692534689
15.530000000000001 -0.9178107508096981 2.466814459850004
15.540000000000001 -0.912300518637996 2.461309544093017
15.55 -0.907471126172849 2.456484341901818
15.56 -0.9033879497130924 2.4524043933945463
15.57 -0.9001017667853618 2.449120612383174
15.58 -0.8976506350959389 2.4466711642298318
15.59 -0.8960613892003203 2.4450829624004013
15.6 -0.8953507441370719 2.444372772400868
15.610000000000001 -0.8955260040927953 2.4445479207985406
15.620000000000001 -0.8965853773680404 2.4456066103853296
15.63 -0.8985178988142949 2.4475378425639374
15.64 -0.9013029594198498 2.450320946656481
15.65 -0.9049094415688311 2.4539247147954395
15.66 -0.9092944594577472 2.4583061421498043
15.67 -0.9144017092711986 2.4634087775242093
15.68 -0.9201594455280062 2.4691607013966124
15.69 -0.926478121750958 2.475472170484422
15.700000000000001 -0.9332477694024607 2.4822330040712184
15.71 -0.9403352439083573 2.48930984262212
15.72 -0.9475815463447106 2.4965434894079146
15.73 -0.9547995398405997 2.5037466567067073
15.74 -0.9617725253917285 2.5107025839138224
15.75 -0.9682543228121573 2.517165175482714
15.76 -0.9739717103143845 2.5228615129029213
15.77 -0.9786302861137512 2.5274978016566356
15.780000000000001 -0.9819249776538322 2.5307699706961504
15.790000000000001 -0.9835564532852384 2.5323801626334372
15.8 -0.9832544600956862 2.5320601103193896
15.81 -0.9808084557690858 2.5296017273807676
15.82 -0.9761046513896524 2.5248939808489776
15.83 -0.9691666316655002 2.5179631672480234
15.84 -0.960194153398504 2.5090111746410697
15.85 -0.9495919699431453 2.4984436189932047
15.860000000000001 -0.9379784780364083 2.486877781022687
15.870000000000001 -0.9261639336758899 2.4751203153646006
15.88 -0.9150912750836361 2.464108046004779
15.89 -0.90573986273314 2.454812377349172
15.9 -0.8990027628229057 2.4481179683496324
15.91 -0.8955586140674353 2.4446964327467446
15.92 -0.8957653359668479 2.444901782586974
15.93 -0.8996012397280065 2.448712569672161
15.94 -0.9066686500172044 2.4557354426297966
15.950000000000001 -0.9162590905755531 2.465269197711107
15.96 -0.9274633906909878 2.4764131078033325
15.97 -0.9393005092637611 2.488193939319655
15.98 -0.9508381708175052 2.499685269926444
15.99 -0.9612853101861899 2.510099346005365
16.0 -0.970046925989685 2.518842030238967
16.01 -0.9767420296917312 2.5255312935148035
16.02 -0.9811922156360863 2.5299865020644443
16.03 -0.9833912436308815 2.532198675826188
16.04 -0.9834656817675943 2.5322916468639294
16.05 -0.981634468809745 2.530481944825855
16.06 -0.9781724881815437 2.527042524270545
16.07 -0.9733807350297573 2.522272961786645
16.080000000000002 -0.967563786017353 2.5164768808192024
16.09 -0.961014104212071 2.509946175576552
16.1 -0.9540021117796832 2.5029509933781497
16.11 -0.9467707687183141 2.495734229210317
16.12 -0.9395334454632369 2.4885093276073125
16.13 -0.9324740482081812 2.4814603526974266
16.14 -0.9257485673728079 2.4747434958923793
16.15 -0.9194874252790872 2.4684893949970084
16.16 -0.9137981763973662 2.462805815456778
16.17 -0.9087682551201652 2.4577803862186496
16.18 -0.9044675728074107 2.453483189851635
16.19 -0.9009508425263447 2.449969083693167
16.2 -0.8982595623827789 2.44727968167091
16.21 -0.8964236223287793 2.4454449607834228
16.22 -0.895462519778831 2.4444844769447043
16.23 -0.8953861802835811 2.4444081860264992
16.240000000000002 -0.8961953840489297 2.4452168706339066
16.25 -0.897881799718215 2.4469021739097236
16.26 -0.9004276255585306 2.4494462404991775
16.27 -0.9038048367682971 2.452820963494183
16.28 -0.9079740377916699 2.456986836470718
16.29 -0.9128829222309228 2.461891413594541
16.3 -0.9184643525636147 2.4674673905884577
16.31 -0.9246340904171584 2.473630338163212
16.32 -0.9312882394833968 2.480276151177156
16.330000000000002 -0.9383005120558263 2.487278326090176
16.34 -0.945519502255806 2.4944852518005374
16.35 -0.9527662502221693 2.501717800565136
16.36 -0.9598325169270661 2.5087676413084576
16.37 -0.9664803606544579 2.515396868758457
16.38 -0.9724438080046179 2.5213397425490287
16.39 -0.9774336253604323 2.52630754088493
16.4 -0.9811463794344722 2.52999771120992
16.41 -0.9832790535487486 2.5321085706398
16.42 -0.9835503444357668 2.5323606563750634
16.43 -0.9817292470303399 2.5305252966222866
16.44 -0.9776704679751539 2.5264598955649165
16.45 -0.9713544590143833 2.520147675557017
16.46 -0.9629274447575639 2.511737222110468
16.47 -0.9527340502165212 2.501574457489541
16.48 -0.9413327651182565 2.4902173822171108
16.490000000000002 -0.9294837189928647 2.4784232584536836
16.5 -0.9181004720694782 2.4671002100668002
16.51 -0.9081636813379931 2.45722134814805
16.52 -0.9006041666333969 2.449709037922741
16.53 -0.8961736916570736 2.44530743345456
16.54 -0.8953296317517779 2.4444689724290907
16.55 -0.898160497335296 2.4472811842717963
16.56 -0.9043711657669663 2.453452185472675
16.57 -0.9133316790399034 2.4623586174997065
16.580000000000002 -0.9241770082758795 2.473143756583502
16.59 -0.9359334367793072 2.4848420365025037
16.6 -0.9476439602751513 2.4965029534602445
16.61 -0.9584701704326509 2.5072921486049786
16.62 -0.9677580989607028 2.516557171300028
16.63 -0.9750660962393928 2.523855801740289
16.64 -0.9801607363806873 2.528952649368152
16.65 -0.9829907051205097 2.5317937446707974
16.66 -0.9836490653750938 2.5324693723328346
16.67 -0.9823324879870113 2.531173679122767
16.68 -0.9793033260729359 2.5281669455442266
16.69 -0.9748577711055001 2.523743801841807
16.7 -0.9693012589378764 2.5182086058702406
16.71 -0.9629309265887542 2.5118578258701802
16.72 -0.9560241738067706 2.504968512330243
16.73 -0.948832091633673 2.4977916395809276
16.740000000000002 -0.941576514862815 2.4905490833286903
16.75 -0.9344496017972581 2.4834331407599173
16.76 -0.9276150508164047 2.476607702412953
16.77 -0.9212102737182668 2.4702103937544773
16.78 -0.915349032397037 2.4643551904088143
16.79 -0.9101241973109715 2.4591351629342117
16.8 -0.905610402485271 2.454625123673021
16.81 -0.9018664564353654 2.4508840332796784
16.82 -0.8989374271328368 2.447957083691106
16.830000000000002 -0.8968563578282104 2.4458774133613366
16.84 -0.8956455943861948 2.4446674347179
16.85 -0.8953177180553832 2.4443397672922726
16.86 -0.8958760836662495 2.4448977762238044
16.87 -0.8973149647707682 2.44633571749372
16.88 -0.8996193063162431 2.4486384904411174
16.89 -0.9027640838901857 2.451780996667508
16.9 -0.9067132681052962 2.455727104088756
16.91 -0.9114183951770245 2.460428217522721
16.92 -0.9168167524099355 2.4658214650522368
16.93 -0.9228292029684085 2.471827525306873
16.94 -0.9293577015640185 2.4783481483765786
16.95 -0.9362825960667425 2.485263466827774
16.96 -0.9434598749476448 2.492429258626363
16.97 -0.9507186128197379 2.499674416556495
16.98 -0.9578589916488957 2.5067990043201087
16.990000000000002 -0.9646514365147839 2.5135734407353216
17.0 -0.9708375992007657 2.51973954703023
17.01 -0.976134135843628 2.5250144030583717
17.02 -0.9802404221172409 2.529098151373404
17.03 -0.9828514669803183 2.53168699880632
17.04 -0.9836772207789354 2.532492590057352
17.05 -0.9824690803157342 2.531268522492054
17.06 -0.979053499555047 2.527843865964787
17.07 -0.9733710662731453 2.522161998684404
17.080000000000002 -0.9655171616176347 2.514320839070519
17.09 -0.9557775948835895 2.5046078688575726
17.1 -0.9446500189319355 2.4935208291327937
17.11 -0.9328405712474007 2.4817637069799234
17.12 -0.9212264370159785 2.4702089654207944
17.13 -0.9107800386617176 2.459821988987893
17.14 -0.9024593772152135 2.45155242103873
17.150000000000002 -0.8970798804547803 2.446207646204833
17.16 -0.8951922602109198 2.444332515072824
17.17 -0.8969940118663283 2.44612234233784
17.18 -0.9022965766349075 2.451390652103868
17.19 -0.9105567056392257 2.4595999848055436
17.2 -0.9209638658971145 2.4699478205736005
17.21 -0.9325619057253797 2.4814863786707093
17.22 -0.9443773734741466 2.4932492906832184
17.23 -0.9555298289825572 2.504360898683241
17.240000000000002 -0.9653085415038424 2.514112680718757
17.25 -0.9732108062236665 2.522001889528104
17.26 -0.9789460084805138 2.5277362668054932
17.27 -0.9824146678322155 2.5312138074934034
17.28 -0.9836730230506087 2.5324879602024297
17.29 -0.982892403738751 2.5317274311076976
17.3 -0.9803200619563406 2.529177260418625
17.31 -0.9762454068853957 2.5251251508881003
17.32 -0.970973327157879 2.5198747822243455
17.330000000000002 -0.9648047205610297 2.513726276183573
17.34 -0.9580234430677722 2.5069630580071482
17.35 -0.9508884862306964 2.4998439447860785
17.36 -0.943630120856786 2.492599210254473
17.37 -0.9364488594930515 2.4854294832059587
17.38 -0.9295162864956801 2.4785065287812946
17.39 -0.9229770175271816 2.471975172786417
17.400000000000002 -0.9169512453869203 2.465955823417107
17.41 -0.9115374912316158 2.460547206830137
17.42 -0.9068153063731333 2.4558290594169856
17.43 -0.9028477629152369 2.4518646131346244
17.44 -0.8996836369676436 2.4487027761584867
17.45 -0.8973592319907652 2.446379955322122
17.46 -0.8958998174044194 2.4449214947023092
17.47 -0.8953206734806434 2.444342720841334
17.48 -0.8956277413572494 2.444649593103412
17.490000000000002 -0.8968178795864686 2.445838960386676
17.5 -0.8988787282121052 2.4478984251118456
17.51 -0.9017881798186236 2.4508058139690236
17.52 -0.9055134560399355 2.4545282540642552
17.53 -0.9100097894552995 2.459020854684046
17.54 -0.9152187167368678 2.46422500100742
17.55 -0.9210660019753543 2.4700662793839845
17.56 -0.9274592326580626 2.476452077636889
17.57 -0.9342851690605257 2.4832689425002443
17.580000000000002 -0.9414069860136373 2.490379834924009
17.59 -0.9486616299719082 2.49762150837997
17.6 -0.955857629797922 2.5048023511391677
17.61 -0.9627738507206939 2.511701184593963
17.62 -0.9691598667762956 2.5180676949883
17.63 -0.9747388371751871 2.5236253843696206
17.64 -0.9792139787549328 2.5280781298052633
17.650000000000002 -0.9822798754802413 2.531121582690397
17.66 -0.9836398655736114 2.5324606305528823
17.67 -0.9830304636297048 2.5318338488408423
17.68 -0.9802530409790532 2.5290451239869203
17.69 -0.9752116362313258 2.524001270427278
17.7 -0.9679537141249132 2.516752416840599
17.71 -0.9587080598999423 2.5075293370953036
17.72 -0.9479112796527122 2.4967692486105113
17.73 -0.9362125341607538 2.485119850143453
17.740000000000002 -0.9244465031327008 2.4734118330006627
17.75 -0.9135684485160117 2.462594010013655
17.76 -0.9045530772612972 2.4536329615823096
17.77 -0.8982694680065085 2.4473894439874817
17.78 -0.8953544000825254 2.444493576018847
17.79 -0.8961116541613957 2.445245806403176
17.8 -0.9004618138632595 2.449567599120601
17.81 -0.9079555187662128 2.457014449931067
17.82 -0.9178467064283301 2.4668478633099182
17.830000000000002 -0.9292072799501666 2.4781481986410787
17.84 -0.9410563204232884 2.489942120798017
17.85 -0.9524775593031028 2.501318855309523
17.86 -0.9627065599160461 2.511516893138201
17.87 -0.9711798293662158 2.519973280670497
17.88 -0.9775478094894109 2.526337196204529
17.89 -0.9816599439680839 2.5304557394576306
17.900000000000002 -0.9835323347171215 2.532342245059323
17.91 -0.9833077922924349 2.5321368202511794
17.92 -0.9812157390436048 2.530066543534463
17.93 -0.9775366535282656 2.526410040915895
17.94 -0.9725733146415232 2.5214687460305454
17.95 -0.9666293376607816 2.5155453836877673
17.96 -0.9599944128224888 2.5089291246831893
17.97 -0.9529351288115367 2.5018863191115868
17.98 -0.9456901147844982 2.494655555910393
17.990000000000002 -0.9384683089084039 2.487445862940003
18.0 -0.9314493426216138 2.480437038232474
18.01 -0.924785242766997 2.4737813133242375
18.02 -0.9186028561279799 2.467605750815791
18.03 -0.9130065730894306 2.4620149502369744
18.04 -0.908081063377363 2.4570937727376876
18.05 -0.9038938387911803 2.45290989748517
18.06 -0.900497530542145 2.449516095788625
18.07 -0.8979318181891547 2.4469521587510306
18.080000000000002 -0.8962249788469884 2.4452464462668537
18.09 -0.8953950441403941 2.4444170442472384
18.1 -0.8954505621653042 2.4444725269456358
18.11 -0.8963909655333339 2.4454123252288618
18.12 -0.8982065468038525 2.447226701993039
18.13 -0.9008780412009462 2.449896334628614
18.14 -0.9043758152128838 2.453391503251545
18.150000000000002 -0.9086586602351829 2.4576708841106756
18.16 -0.9136721948393899 2.4626799521642235
18.17 -0.9193468899836619 2.4683490077629235
18.18 -0.9255957516622333 2.4745908628312794
18.19 -0.932311729108057 2.4812982558993615
18.2 -0.9393649686390592 2.4883411177225154
18.21 -0.9466001092807014 2.4955638857088753
18.22 -0.9538339223137409 2.50278317177873
18.23 -0.9608537376437863 2.5097862291963384
18.240000000000002 -0.9674172763900277 2.5163308400747555
18.25 -0.9732547142401169 2.522147449099046
18.26 -0.9780740119812535 2.526944577977472
18.27 -0.9815707223606691 2.5304187226423647
18.28 -0.9834435361095993 2.5322699807332136
18.29 -0.9834166429473202 2.532224458813963
18.3 -0.9812693952682773 2.5300639082949568
18.31 -0.9768726002284635 2.5256618676496614
18.32 -0.9702289107597774 2.5190237347540387
18.330000000000002 -0.9615122876849583 2.5103257178345197
18.34 -0.9510987361563615 2.4999448989121946
18.35 -0.9395783045228353 2.4884705144182213
18.36 -0.9277379301825578 2.476686251045737
18.37 -0.9165074949503121 2.4655161933775562
18.38 -0.9068681987083916 2.4559337672037573
18.39 -0.8997323939507457 2.448842876718017
18.400000000000002 -0.8958146602020342 2.4449507797238814
18.41 -0.895520937195642 2.444659006147046
18.42 -0.8988820406346355 2.447998029869691
18.43 -0.9055485166319376 2.454622215060782
18.44 -0.9148481801337632 2.463866346685494
18.45 -0.9258915617088154 2.4748493519365615
18.46 -0.9376998511769014 2.4866004057565725
18.47 -0.9493280185415066 2.498180646314467
18.48 -0.9599618606849271 2.508779532956391
18.490000000000002 -0.9689780887623399 2.517774946742801
18.5 -0.9759669313250502 2.5247562922300757
18.51 -0.9807240900267399 2.5295171612975533
18.52 -0.9832222668091187 2.532027550822027
18.53 -0.9835724959101622 2.5323957354355136
18.54 -0.9819834936034829 2.5308279658693307
18.55 -0.9787244898767398 2.527591474426855
18.56 -0.9740944296551186 2.522983719978609
18.57 -0.9683984642857607 2.517308842070044
18.580000000000002 -0.9619313873456031 2.510861018782343
18.59 -0.9549670009132729 2.503913742797419
18.6 -0.9477521593320354 2.496713779573746
18.61 -0.9405042622416186 2.4894785876313246
18.62 -0.9334111288695509 2.482396135491654
18.63 -0.9266323950491343 2.4756262560762026
18.64 -0.9203017826053913 2.469302886029939
18.650000000000002 -0.9145297725567332 2.463536718784049
18.66 -0.9094063600742205 2.4584179467774288
18.67 -0.9050036804032592 2.4540188798864637
18.68 -0.9013783753613548 2.4503963079606623
18.69 -0.8985736254213154 2.4475935311745003
18.7 -0.8966208085652554 2.4456420184367014
18.71 -0.8955407691157705 2.444562676403149
18.72 -0.895344691753244 2.4443667238617346
18.73 -0.8960345811711327 2.4450561716690755
18.740000000000002 -0.8976033488540401 2.4466239095853632
18.75 -0.9000345073383503 2.4490534003428874
18.76 -0.9033014708113555 2.452317979890718
18.77 -0.9073664607515595 2.456379762727756
18.78 -0.9121790184138474 2.461188154488472
18.79 -0.9176741346206376 2.4666779827983554
18.8 -0.9237700244549109 2.4727672748048413
18.81 -0.9303656037955264 2.479354739457559
18.82 -0.9373377708498918 2.486317059218468
18.830000000000002 -0.944538664443381 2.4935061649240113
18.84 -0.9517931677664595 2.500746764878407
18.85 -0.958897056842164 2.5078345300731675
18.86 -0.9656163595965764 2.514535503890263
18.87 -0.9716886898686644 2.520587502125473
18.88 -0.976827534082877 2.525704480181868
18.89 -0.9807306586068673 2.529585030087354
18.900000000000002 -0.9830939037552371 2.531926260629743
18.91 -0.9836315265309113 2.532444199717329
18.92 -0.9821037977485899 2.530901389332251
18.93 -0.978351576215937 2.5271413496028323
18.94 -0.9723359291138328 2.521127932336611
18.95 -0.9641785310140728 2.512985263387163
18.96 -0.9541958191924406 2.503031263265898
18.97 -0.9429173987996103 2.4917953292482045
18.98 -0.9310781296269307 2.480009797868094
18.990000000000002 -0.9195750797287338 2.4685666372565604
19.0 -0.9093861410123739 2.458436424030311
19.01 -0.9014563865878847 2.4505558053802874
19.02 -0.8965690988258722 2.4457002285701783
19.03 -0.8952269129791658 2.444366937154636
19.04 -0.8975704537532972 2.446694999473349
19.05 -0.9033549028885409 2.4524422935014134
19.06 -0.9119906078959891 2.461025396959019
19.07 -0.9226372044768415 2.4716121309645933
19.080000000000002 -0.9343280397702579 2.4832441141734
19.09 -0.9460972036701575 2.4949622234613233
19.1 -0.957085565505943 2.5059117279677254
19.11 -0.9666118149270085 2.5154131598173928
19.12 -0.9742052536063949 2.5229954946865747
19.13 -0.9796054837166556 2.5283965155707024
19.14 -0.9827386424042478 2.5315397605484655
19.150000000000002 -0.9836806808390444 2.532498392828147
19.16 -0.9826165990730683 2.531454838924442
19.17 -0.9798018934535911 2.52866245558043
19.18 -0.9755297846086404 2.524412833312147
19.19 -0.9701056327732512 2.5190101927692323
19.2 -0.9638284865542909 2.5127528636425276
19.21 -0.9569788894976998 2.5059210023348024
19.22 -0.9498117258919726 2.4987693497126107
19.23 -0.9425528520199424 2.491523785513383
19.240000000000002 -0.9353983913782881 2.4843805618104726
19.25 -0.928515774387469 2.4775072961031226
19.26 -0.9220458151236962 2.4710450146844796
19.27 -0.9161053083491946 2.465110726985018
19.28 -0.910789786908756 2.4598001683686226
19.29 -0.9061762004961242 2.455190470112078
19.3 -0.9023253653905697 2.451342604327073
19.31 -0.8992840966486415 2.448303513897625
19.32 -0.8970869753127692 2.446107878957002
19.330000000000002 -0.8957577287748683 2.4447794973085415
19.34 -0.8953102169116814 2.444332270909995
19.35 -0.8957490234835381 2.4447707975975232
19.36 -0.8970696542896731 2.446090569368784
19.37 -0.8992583428722022 2.448277777961545
19.38 -0.9022914629907256 2.4513087270043394
19.39 -0.9061345463713052 2.455148849415414
19.400000000000002 -0.9107409061987396 2.459751330832824
19.41 -0.9160498736357987 2.4650553468544762
19.42 -0.9219846690414026 2.4709839364911614
19.43 -0.9284499550071713 2.4774415599863113
19.44 -0.9353291592316663 2.4843114304298513
19.45 -0.9424817169034702 2.491452770674206
19.46 -0.9497404705695505 2.498698235797754
19.47 -0.9569095860603352 2.5058518622759003
19.48 -0.9637634994788965 2.5126880614488494
19.490000000000002 -0.9700476007111393 2.518952364633229
19.5 -0.9754815708279596 2.5243648372312713
19.51 -0.9797664930873022 2.5286272777116996
19.52 -0.9825969906437586 2.531435444286272
19.53 -0.9836796111132466 2.5324975096531013
19.54 -0.9827583390386464 2.5315595931236006
19.55 -0.9796473011266768 2.528438391469467
19.56 -0.9742692752948888 2.5230594701035383
19.57 -0.9666964598763378 2.515497630877441
19.580000000000002 -0.9571872738019259 2.5060131229341542
19.59 -0.9462102994883771 2.4950748728936105
19.6 -0.9344448759450589 2.4833604011989987
19.61 -0.9227486682462281 2.4717229985394127
19.62 -0.9120870033357461 2.4611212251950674
19.63 -0.9034271273060394 2.4525140635832363
19.64 -0.8976112782236833 2.4467355564606676
19.650000000000002 -0.8952321027409654 2.4443720923722836
19.66 -0.8965381080081912 2.4456694422281675
19.67 -0.9013924497201297 2.450492276440478
19.68 -0.909295737270282 2.458346563914202
19.69 -0.9194669085457715 2.4684590624010525
19.7 -0.9309618470502258 2.4798940844957267
19.71 -0.9428023880163722 2.491680798215996
19.72 -0.9540902114706497 2.5029260082369698
19.73 -0.9640885908739593 2.512895536163839
19.740000000000002 -0.9722658133332042 2.5210578970641047
19.75 -0.9783034011438138 2.5270931430794548
19.76 -0.9820779140247647 2.53087538882582
19.77 -0.9836268990233109 2.532439397456678
19.78 -0.9831085141022421 2.531940662810096
19.79 -0.9807618750162083 2.5296160248837767
19.8 -0.9768724188269666 2.5257491447694784
19.81 -0.9717442347166286 2.5206428384589135
19.82 -0.9656796522446228 2.51459860589664
19.830000000000002 -0.9589653882192198 2.507902691849853
19.84 -0.9518640925864741 2.5008175420960326
19.85 -0.9446100271994833 2.493577401545868
19.86 -0.9374077078890525 2.4863868901481694
19.87 -0.9304325300447522 2.4794215776918103
19.88 -0.9238326113031203 2.472829789616702
19.89 -0.9177312836494373 2.4667350736702973
19.900000000000002 -0.9122298342081527 2.4612389240512003
19.91 -0.9074102249083762 2.4564234908446156
19.92 -0.9033376184597254 2.45235410021781
19.93 -0.900062606927646 2.4490814801350567
19.94 -0.8976230856039961 2.4466436331509076
19.95 -0.8960457443548381 2.4450673276510027
19.96 -0.8953471658625268 2.444369196399437
19.97 -0.8955345289045324 2.4445564401728204
19.98 -0.8966059179550987 2.4456271375562277
19.990000000000002 -0.8985502402647322 2.447570161968429
