0.0 -2.95052166537518 0.5
0.01 -2.950530952123495 0.5000092450872318
0.02 -2.950558148968458 0.5000363200881027
0.03 -2.9506013154064243 0.5000792936551223
0.04 -2.95065737881313 0.5001351075791006
0.05 -2.950722362797765 0.500199803962693
0.06 -2.9507916803580594 0.5002688168861019
0.07 -2.9508604683804576 0.5003373052482125
0.08 -2.9509239373143474 0.5004005007608084
0.09 -2.950977709459605 0.5004540446772361
0.1 -2.951018121147922 0.500494288657482
0.11 -2.951042467858139 0.5005185389005367
0.12 -2.951049176510702 0.5005252278433785
0.13 -2.9510378952724405 0.5005140037746206
0.14 -2.951009497587935 0.5004857350618089
0.15 -2.95096600330121 0.5004424318109445
0.16 -2.9509104251980696 0.5003870932234701
0.17 -2.9508465537629314 0.5003234933680636
0.18 -2.950778696212383 0.5002559213492486
0.19 -2.9507113878700153 0.5001888938599609
0.2 -2.9506490947144557 0.5001268588799705
0.21 -2.9505959255709593 0.5000739089307156
0.22 -2.9505553710797905 0.5000335209713663
0.23 -2.950530084437398 0.5000083378949406
0.24 -2.950521716146407 0.5000000038336688
0.25 -2.9505308117943296 0.5000090622756613
0.26 -2.9505567783576323 0.5000349224794673
0.27 -2.950597920829544 0.5000758959817556
0.28 -2.95065154721643 0.5001293012463749
0.29 -2.9507141362541645 0.5001916308165821
0.3 -2.9507815586827904 0.5002587718269187
0.31 -2.95084933971759 0.5003262675401009
0.32 -2.950912947617363 0.5003896048473572
0.33 -2.9509680911433867 0.5004445105745706
0.34 -2.9510110074027933 0.5004872381482482
0.35000000000000003 -2.951038721253007 0.500514825868341
0.36 -2.9510492582612464 0.5005253088595643
0.37 -2.951041795268448 0.5005178688307834
0.38 -2.951016735927609 0.5004929090886481
0.39 -2.9509757030968427 0.5004520467501844
0.4 -2.950921445469869 0.5003980195812323
0.41000000000000003 -2.950857661993807 0.5003345110265212
0.42 -2.9507887540078848 0.5002659033466625
0.43 -2.9507195210977124 0.5001969748008909
0.44 -2.9506548218150273 0.500132561933385
0.45 -2.9505992241008707 0.5000772116785277
0.46 -2.9505566720028296 0.5000348497330575
0.47000000000000003 -2.950530194790128 0.5000084911502732
0.48 -2.9505216817594384 0.5000000163107331
0.49 -2.95053174105462 0.5000100304804409
0.5 -2.950559654107329 0.5000378184910521
0.51 -2.95060342946297 0.5000813982828257
0.52 -2.950659951545457 0.5001376688918108
0.53 -2.950725212138339 0.5002026407350043
0.54 -2.9507946057686056 0.5002717294947524
0.55 -2.9508632653780382 0.5003400901271915
0.56 -2.9509264120479317 0.5004029649092813
0.5700000000000001 -2.9509796922503 0.5004560191390384
0.58 -2.9510194780278285 0.5004956400116155
0.59 -2.951043109335496 0.5005191779933622
0.6 -2.9510490630302706 0.5005251152328963
0.61 -2.9510370391054503 0.5005131516210837
0.62 -2.951007961151564 0.5004842054632661
0.63 -2.9509638941528666 0.500440331826588
0.64 -2.950907888158542 0.5003845670358296
0.65 -2.9508437607842333 0.5003207121965296
0.66 -2.95077583471545 0.5002530718367532
0.67 -2.9507086483338076 0.5001861657112604
0.68 -2.950646658304589 0.5001244325369247
0.6900000000000001 -2.950593952558367 0.5000719440328154
0.7000000000000001 -2.95055399072523 0.5000321462755428
0.71 -2.9505293869133125 0.5000076432248407
0.72 -2.95052174694102 0.5000000345023589
0.73 -2.950531568900486 0.500009816283704
0.74 -2.950558212396678 0.5000363506383957
0.75 -2.950599938103642 0.5000779049563545
0.76 -2.9506540155260295 0.5001317593527763
0.77 -2.9507168931657235 0.5001943762618738
0.78 -2.9507844217905843 0.5002616229350433
0.79 -2.950852118318402 0.5003290343842061
0.8 -2.9509154551147523 0.5003921016071069
0.81 -2.950970157426344 0.5004465678655301
0.8200000000000001 -2.9510124904094366 0.5004887145367497
0.8300000000000001 -2.951039516940512 0.5005156177961565
0.84 -2.9510493082639444 0.5005253582636758
0.85 -2.9510410916398664 0.5005171678573327
0.86 -2.951015322528161 0.5004915014657714
0.87 -2.950973673401234 0.5004500255961262
0.88 -2.950918936815993 0.5003955216707632
0.89 -2.950854846561328 0.5003317078038525
0.9 -2.9507858270790694 0.5002629892358026
0.91 -2.950716687391157 0.5001941536009608
0.92 -2.9506522808705173 0.5001300322725525
0.93 -2.950597155808621 0.5000751526141268
0.9400000000000001 -2.950555223396256 0.500033407610854
0.9500000000000001 -2.9505294691499677 0.5000077687645627
0.96 -2.950521730910149 0.5000000652408757
0.97 -2.9505325614840774 0.5000108472309457
0.98 -2.9505611872301034 0.5000393447534596
0.99 -2.9506055660053834 0.5000835252977526
1.0 -2.9506625396907418 0.5001402455517345
1.01 -2.9507280687656023 0.500205484765608
1.02 -2.9507975298787663 0.5002746408134753
1.03 -2.9508660526445896 0.5003428653229999
1.04 -2.9509288693713507 0.5004054117286557
1.05 -2.950981651232696 0.500457969900322
1.06 -2.9510208064095838 0.5004969629938977
1.07 -2.951043719630873 0.5005197860398136
1.08 -2.9510489178417223 0.500524971049692
1.09 -2.9510361528622377 0.5005122695173686
1.1 -2.95100639828347 0.5004826495415293
1.11 -2.950961763953827 0.5004382108758456
1.12 -2.950905336802057 0.5003820265864192
1.1300000000000001 -2.950840961112009 0.5003179243546408
1.1400000000000001 -2.9507729745278595 0.5002502236239377
1.1500000000000001 -2.95070591796496 0.500183446688625
1.16 -2.95064423826939 0.5001220224986846
1.17 -2.9505920020196434 0.5000700015150442
1.18 -2.9505526374529114 0.5000307985503433
1.19 -2.9505287193022602 0.5000069783452403
1.2 -2.950521808526707 0.500000095836214
1.21 -2.9505323556688214 0.5000105998323577
1.22 -2.9505596730317523 0.5000378052836134
1.23 -2.950601977160195 0.5000799356223621
1.24 -2.95065649935688 0.5001342329139293
1.25 -2.9507196582830844 0.5001971298755132
1.26 -2.950787285199498 0.5002644743387228
1.27 -2.950854889236306 0.5003317935726843
1.28 -2.9509179473902045 0.500394583203968
1.29 -2.950972201899473 0.5004486034343233
1.3 -2.951013946424272 0.5004901640445756
1.31 -2.951040282231896 0.5005163794555432
1.32 -2.951049326504653 0.5005253760417346
1.33 -2.951040357049637 0.5005164360571923
1.34 -2.9510138811143514 0.500490065952999
1.35 -2.950971620614962 0.5004479814562501
1.36 -2.950916411656404 0.5003930073317899
1.37 -2.9508520224275077 0.5003288959231794
1.3800000000000001 -2.9507828999327934 0.5002600749130756
1.3900000000000001 -2.9507138620301707 0.500191340713367
1.4000000000000001 -2.950649756297027 0.5001275189125606
1.41 -2.9505951107891404 0.5000731167201705
1.42 -2.9505538033310015 0.5000319939028965
1.43 -2.9505287752944738 0.5000070780211259
1.44 -2.9505218128211115 0.5000001467842594
1.45 -2.9505334133084764 0.5000116952358444
1.46 -2.9505627481439434 0.5000408986833944
1.47 -2.950607724765758 0.5000856744332507
1.48 -2.9506651429258586 0.500142837237241
1.49 -2.9507309323249107 0.5002083357014769
1.5 -2.950800452328062 0.5002775504834062
1.51 -2.9508688298394836 0.5003456304964995
1.52 -2.950931308987597 0.5004078409231848
1.53 -2.9509835861735736 0.5004598967288175
1.54 -2.951022106138981 0.5004982574506996
1.55 -2.9510442986784313 0.5005203629742332
1.56 -2.9510487409706347 0.5005247953191282
1.57 -2.951035236656556 0.5005113575766483
1.58 -2.951004809176501 0.500481067488557
1.59 -2.950959612961945 0.5004360692154358
1.6 -2.950902771433456 0.5003794721787841
1.61 -2.950838155077439 0.5003151301722047
1.62 -2.9507701159852253 0.5002473770450522
1.6300000000000001 -2.9507031970817446 0.500180737109056
1.6400000000000001 -2.9506418348894634 0.5001196290447518
1.6500000000000001 -2.9505900741800373 0.5000680816017729
1.6600000000000001 -2.9505513114186614 0.500029477950993
1.67 -2.9505280816809862 0.5000063433325899
1.68 -2.950521900896393 0.5000001878281859
1.69 -2.9505331720088757 0.5000114128315102
1.7 -2.950561160094596 0.500039286247515
1.71 -2.950604037763592 0.5000819877450864
1.72 -2.9506589984207476 0.5001367216427374
1.73 -2.9507224312835985 0.5001998913361436
1.74 -2.9507901485731214 0.5002673257029189
1.75 -2.950857652143023 0.5003345447786234
1.76 -2.9509204241453633 0.5003970493408598
1.77 -2.9509742243146437 0.5004506170339197
1.78 -2.951015375266841 0.5004915864921101
1.79 -2.9510410170276957 0.5005171107475572
1.8 -2.9510493129730504 0.5005253621835661
1.81 -2.9510395915787853 0.5005156735111401
1.82 -2.951012411854442 0.5004886027179486
1.83 -2.950969544983139 0.500445914574662
1.84 -2.95091387029694 0.5003904768688424
1.85 -2.950849189938034 0.500326075728667
1.86 -2.9507799729303676 0.5002571607381733
1.87 -2.950711045365882 0.5001885364876288
1.8800000000000001 -2.950647248410003 0.5001250221673919
1.8900000000000001 -2.9505930892990113 0.50007110425204
1.9000000000000001 -2.950552411985755 0.5000306087870323
1.9100000000000001 -2.9505281133111017 0.5000064190070057
1.92 -2.9505219274819985 0.5000002609306035
1.93 -2.9505342964204777 0.5000125743883046
1.94 -2.950564336652535 0.500042480085468
1.95 -2.9506099054734487 0.500087845419938
1.96 -2.950667760925866 0.5001454436248921
1.97 -2.9507338024608547 0.5002111931888222
1.98 -2.9508033727563383 0.5002804581460027
1.99 -2.9508715966234575 0.5003483853099164
2.0 -2.9509337306019594 0.5004102521994099
2.0100000000000002 -2.950985496842756 0.5004617993952842
2.02 -2.951023377065367 0.5004995232319337
2.0300000000000002 -2.951044846416145 0.500520908734759
2.04 -2.9510485324463844 0.5005245880703526
2.05 -2.951034290605687 0.5005104159156136
2.06 -2.951003194026544 0.5004794594993313
2.07 -2.950957441437425 0.5004339071044205
2.08 -2.9509001923591116 0.5003769041179941
2.09 -2.950835343012331 0.5003123299796542
2.1 -2.9507672594228636 0.5002445324340522
2.11 -2.9507004860012476 0.5001780372883742
2.12 -2.9506394484434293 0.5001172524526492
2.13 -2.950588169262142 0.5000661845147286
2.14 -2.950550012775157 0.5000281846295775
2.15 -2.9505274741227847 0.5000057382599009
2.16 -2.9505220240394654 0.5000003104677019
2.17 -2.950534017826783 0.5000122551876568
2.18 -2.950562673413893 0.5000407933594446
2.19 -2.950606119675697 0.5000840610873201
2.2 -2.9506615124275752 0.500139225250285
2.21 -2.9507252118436162 0.5002026603214097
2.22 -2.9507930115749454 0.5002701766924923
2.23 -2.9508604067110955 0.5003372876759304
2.24 -2.950922885083585 0.5003994997224083
2.25 -2.9509762244262365 0.5004526084197889
2.2600000000000002 -2.951016776759843 0.5004929817028836
2.27 -2.951041721232056 0.5005178115768498
2.2800000000000002 -2.9510492676626385 0.5005253166828053
2.29 -2.9510387953121193 0.5005148803037187
2.3000000000000003 -2.9510109149201647 0.5004871119316916
2.31 -2.950967446753781 0.500443825198359
2.32 -2.9509113130455593 0.5003879305885575
2.33 -2.9508463494397503 0.5003232475656332
2.34 -2.9507770464332106 0.500254247070883
2.35 -2.9507082377484206 0.5001857412722781
2.36 -2.950644757522866 0.5001225423490158
2.37 -2.950591091591902 0.5000691154622159
2.38 -2.950551049535609 0.5000292524375285
2.39 -2.9505274832832953 0.5000057918052504
2.4 -2.950522074878349 0.5000004076655173
2.41 -2.950535210708803 0.5000134845775754
2.42 -2.950565952556115 0.5000440887608579
2.43 -2.950612107855098 0.5000900379857359
2.44 -2.9506703933640503 0.5001480643894823
2.45 -2.9507366788173024 0.5002140568731341
2.46 -2.9508062908038055 0.5002833634430867
2.47 -2.950874352658664 0.5003511294268778
2.48 -2.950936133922057 0.5004126452661916
2.49 -2.950987383013135 0.5004636776735343
2.5 -2.9510680542063374 0.500699973642589
2.5100000000000002 -2.951493355375281 0.5011251961104991
2.52 -2.9519126408294363 0.50154448059464
2.5300000000000002 -2.952325729196267 0.5019576467928162
2.54 -2.9527336896380687 0.5023657596677571
2.5500000000000003 -2.9531387769570467 0.5027710650413437
2.56 -2.9535442902528573 0.5031768490300054
2.57 -2.9539543673228246 0.5035872334358249
2.58 -2.95437373046318 0.5040069226712947
2.59 -2.9548074015308483 0.5044409199987897
2.6 -2.9552604050774693 0.504894231824909
2.61 -2.955737478168401 0.5053715786009092
2.62 -2.9562428042989812 0.5058771296913825
2.63 -2.956779786793386 0.5064142775578455
2.64 -2.957350874397798 0.506985463940827
2.65 -2.9579574486289637 0.507592067582724
2.66 -2.958599778964388 0.5082343595667677
2.67 -2.9592770482956694 0.5089115286897088
2.68 -2.9599874473325727 0.5096217755584171
2.69 -2.96072833295644 0.510362470418313
2.7 -2.961496441994329 0.5111303662018258
2.71 -2.9622881486474557 0.5119218550559085
2.72 -2.963099751002979 0.5127332538130787
2.73 -2.963927769848178 0.5135611016714069
2.74 -2.9647692415638334 0.5144024519178739
2.75 -2.9656219863727977 0.5152551390389748
2.7600000000000002 -2.9664848338154326 0.5161180031659297
2.77 -2.9673577891283216 0.5169910556100941
2.7800000000000002 -2.968242127259156 0.5178755722980232
2.79 -2.9691404055050765 0.518774106159949
2.8000000000000003 -2.970056391043014 0.5196904147882925
2.81 -2.9709949056301905 0.5206293056660639
2.82 -2.971961596070608 0.5215964075498191
2.83 -2.9729626451516356 0.5225978826635296
2.84 -2.974004443083066 0.5236400996516265
2.85 -2.9750932434560946 0.5247292911929992
2.86 -2.9762348298964794 0.5258712223123704
2.87 -2.9774342195777552 0.5270708954082165
2.88 -2.978695427456859 0.5283323157196633
2.89 -2.9800213106082745 0.5296583364912902
2.9 -2.981413505722381 0.5310505968211583
2.91 -2.982872465273054 0.532509557663312
2.92 -2.9843975897738066 0.5340346334211238
2.93 -2.9859874457206845 0.5356244087954295
2.94 -2.987640052020251 0.5372769237920532
2.95 -2.989353212553785 0.53899000467374
2.96 -2.991124869467967 0.5407616155927745
2.97 -2.9929534510018536 0.542590204856112
2.98 -2.994838189106359 0.5444750212031184
2.99 -2.996779385511201 0.5464163788457924
3.0 -2.9987786098016866 0.5484158548934704
3.0100000000000002 -3.000838818938892 0.5504764086182744
3.02 -3.0029643939173485 0.5526024182437576
3.0300000000000002 -3.00516109536515 0.5547996370213197
3.04 -3.007435945398311 0.5570750758449519
3.0500000000000003 -3.009797047606633 0.5594368242076083
3.06 -3.0122533604622763 0.561893824711715
3.0700000000000003 -3.014814441617361 0.5644556185233022
3.08 -3.0174901815103983 0.5671320801195607
3.09 -3.020290544529813 0.5699331595180034
3.1 -3.023225334834692 0.5728686490386864
3.11 -3.026304001982992 0.5759479897125003
3.12 -3.029535498945757 0.5791801298875695
3.13 -3.032928202063536 0.5825734455728034
3.14 -3.0364898991820404 0.5861357287465753
3.15 -3.0402278487236316 0.5898742463850489
3.16 -3.0441489089296114 0.593795869449433
3.17 -3.048259733056812 0.5979072676263688
3.18 -3.052567023041381 0.6022151623518861
3.19 -3.057077831169991 0.6067266276844794
3.2 -3.0617998967531013 0.6114494260559309
3.21 -3.066742002817837 0.6163923639609737
3.22 -3.0719143365800163 0.6215656513984038
3.23 -3.077328837064508 0.6269812484946315
3.24 -3.0829995138520183 0.6326531833560008
3.25 -3.0889427226318813 0.6385978269003606
3.2600000000000002 -3.0951773860666556 0.6448341132419068
3.27 -3.101725152373192 0.6513836980929573
3.2800000000000002 -3.1086104888422317 0.6582710524472023
3.29 -3.115860712988964 0.6655234942557566
3.3000000000000003 -3.123505969777406 0.6731711665282404
3.31 -3.1315791689309846 0.6812469758273973
3.3200000000000003 -3.1401159012168525 0.6897865099671261
3.33 -3.1491543562552984 0.6988279573568849
3.34 -3.1587352663942165 0.7084120524000121
3.35 -3.168901901147212 0.7185820712977127
3.36 -3.1797001344217213 0.7293839003348924
3.37 -3.191178602237039 0.7408661942048801
3.38 -3.2033889619995595 0.7530806353125268
3.39 -3.216386255942178 0.7660822965525519
3.4 -3.230229371379826 0.7799301001178114
3.41 -3.2449815792626615 0.7946873537204278
3.42 -3.260711120214529 0.8104223332884942
3.43 -3.277491793577656 0.8272088674707665
3.44 -3.2954034891835233 0.845126863365416
3.45 -3.3149001996820404 0.8647925701475825
3.46 -3.3364406409225276 0.8863406649488103
3.47 -3.359465557619497 0.9093736195095786
3.48 -3.3840885076477427 0.9340048484608255
3.49 -3.41042794922925 0.9603525705256454
3.5 -3.4386044108714393 0.9885369364854789
3.5100000000000002 -3.4687358960775994 1.018675373765576
3.52 -3.5009307474757194 1.050875364342532
3.5300000000000002 -3.535276858007973 1.085223532533785
3.54 -3.5718256383451568 1.1217694367286952
3.5500000000000003 -3.610568481311746 1.1605017860606857
3.56 -3.6514025533366343 1.20131388794329
3.5700000000000003 -3.694081551388073 1.243953939866657
3.58 -3.7381456150039796 1.2879543395828943
3.59 -3.7828230738988244 1.3325327148523907
3.6 -3.826895754162967 1.3764565124266497
3.61 -3.868520674708381 1.4178643137596356
3.62 -3.9050074633702256 1.454043992678414
3.63 -3.9325693150622363 1.4811871476884186
3.64 -3.946107476678305 1.4941826727491314
3.65 -3.939172005347451 1.4865963839815903
3.66 -3.9043791298098536 1.4511205178387632
3.67 -3.834737570012522 1.3809408982011764
3.68 -3.726409227576822 1.272518475840137
3.69 -3.5830465766079462 1.12985821163619
3.7 -3.420478581228153 0.9689553581446336
3.71 -3.2681622924534186 0.8188856682544804
3.72 -3.1625261691207007 0.7150225276250644
3.73 -3.131141839380599 0.6837541391418837
3.74 -3.175869179453124 0.7265880678369295
3.75 -3.268169300142743 0.8158128180559914
3.7600000000000002 -3.3612965168929696 0.9060231468419824
3.77 -3.410372774271231 0.9533565089795225
3.7800000000000002 -3.3884247409372104 0.9312830009143271
3.79 -3.293949636135676 0.8383219538635789
3.8000000000000003 -3.1513229437136796 0.6984996175058533
3.81 -3.0047241859480707 0.5551565831566144
3.8200000000000003 -2.904583453820291 0.4574868230847186
3.83 -2.8887214513055883 0.4422655758145461
3.84 -2.9668556135617394 0.5190668218931789
3.85 -3.118311329223175 0.6680635771957761
3.86 -3.304109464872026 0.8514576738843672
3.87 -3.484349596986572 1.0301375084619038
3.88 -3.6305288785325187 1.175772583353031
3.89 -3.729086400908824 1.2745664037724664
3.9 -3.7786951571656524 1.3248426301340275
3.91 -3.7854351474918366 1.3323946875088621
3.92 -3.758549920770071 1.3062909156629878
3.93 -3.7076807988479654 1.2560905893218568
3.94 -3.6414388584286845 1.1903810398936767
3.95 -3.566862554228792 1.1162064356241388
3.96 -3.4893540361311457 1.0389862136876251
3.97 -3.412828471004872 0.9626553879337483
3.98 -3.3399348359186343 0.8898817660970846
3.99 -3.2722863266034614 0.8222954568422113
4.0 -3.210679577080383 0.7607081332020375
4.01 -3.1552978133748697 0.7053163121968034
4.0200000000000005 -3.105895989416765 0.655886424876465
4.03 -3.0619643839504582 0.6119182068087812
4.04 -3.0228658859037822 0.5727817996645271
4.05 -2.9879430231800352 0.5378247544537165
4.0600000000000005 -2.956593422677251 0.5064476723946175
4.07 -2.9283156480136436 0.47815039475747717
4.08 -2.9027300785114574 0.4525533241527137
4.09 -2.8795810066301786 0.42939996838217276
4.1 -2.8587263573290094 0.4085470462671043
4.11 -2.840120680642883 0.3899477738844583
4.12 -2.823795789817944 0.37363269813489103
4.13 -2.8098420176066394 0.3596910626525939
4.14 -2.798391814217796 0.3482544499694274
4.15 -2.789606441073555 0.3394834752717764
4.16 -2.7836658464457265 0.3335576357041815
4.17 -2.780761401091881 0.3306680063851412
4.18 -2.7810909576619287 0.331012255160117
4.19 -2.7848556087744045 0.3347913552327427
4.2 -2.792257497128139 0.3422073502128967
4.21 -2.8034980318252476 0.3534615246613753
4.22 -2.8187758548339743 0.36875232122174595
4.23 -2.8382838548148 0.3882722972123513
4.24 -2.8622044209146096 0.41220330737291033
4.25 -2.890701945356339 0.44070891384381017
4.26 -2.9239112966987406 0.4739227352231293
4.2700000000000005 -2.961920566983373 0.5119310251420337
4.28 -3.004745813193879 0.5547471850641417
4.29 -3.0522947357109644 0.6022751360593821
4.3 -3.10431525049084 0.6542574891880766
4.3100000000000005 -3.160323759380994 0.7102033109081782
4.32 -3.2195067822357717 0.7692891673363722
4.33 -3.28058896349764 0.8302265487118727
4.34 -3.341661398017173 0.891089855429157
4.3500000000000005 -3.3999690076212685 0.9491042059609476
4.36 -3.451668692077715 1.000405844803863
4.37 -3.491598750002056 1.039817526073054
4.38 -3.5131559621140878 1.0607381289393867
4.39 -3.508471843753322 1.0553411608823409
4.4 -3.4692125836829324 1.0154068458403338
4.41 -3.3884446761285703 0.9342186623493693
4.42 -3.263934407773307 0.8098568915566868
4.43 -3.102638133425597 0.6495832265172895
4.44 -2.9246708033168267 0.4735634354984917
4.45 -2.7631830487234823 0.314469300808354
4.46 -2.6565351313299175 0.20967682874707017
4.47 -2.633638217599443 0.1871674727594013
4.48 -2.7005502126251573 0.2528390830975113
4.49 -2.838135256415323 0.38827544627502397
4.5 -3.012316033775428 0.5603917229843979
4.51 -3.188686436781084 0.7354117658773476
4.5200000000000005 -3.342451234533684 0.8886528065214724
4.53 -3.460981637263319 1.007284593868455
4.54 -3.541488927521316 1.0882437687452673
4.55 -3.587229043603322 1.134567051549008
4.5600000000000005 -3.60424920632639 1.1521670972648737
4.57 -3.5992601218847935 1.1476885678225965
4.58 -3.578494763399801 1.127341678897898
4.59 -3.5472257544582906 1.0963993639175813
4.6000000000000005 -3.509655355675359 1.0590743933657467
4.61 -3.4689865847837758 1.0185833659919785
4.62 -3.4275643359152017 0.9772843346993552
4.63 -3.387028739962573 0.9368287257735154
4.64 -3.348454361593615 0.8983001584372692
4.65 -3.312465805828691 0.8623301824745959
4.66 -3.2793289179948975 0.8291898329516338
4.67 -3.2490209095898304 0.7988602059481996
4.68 -3.2212847505520896 0.7710873526945302
4.69 -3.195674336775489 0.745428000328904
4.7 -3.171597928880435 0.7212936071507601
4.71 -3.1483683638213646 0.6980012499196684
4.72 -3.125269331531065 0.6748405807429699
4.73 -3.1016468362591785 0.6511658247730967
4.74 -3.077032465560069 0.6265191586370249
4.75 -3.0512983737621933 0.600784954349254
4.76 -3.0248311109326904 0.5743615538648233
4.7700000000000005 -2.998692297557703 0.5483183321244506
4.78 -2.9747123432337954 0.5244846708401631
4.79 -2.955448874858471 0.505404018978414
4.8 -2.9439496915994314 0.49409537954435706
4.8100000000000005 -2.943304344638671 0.49360877825357646
4.82 -2.956046336303471 0.5064371501035468
4.83 -2.9835497540287816 0.5339253820860917
4.84 -3.025600608268013 0.575850987487014
4.8500000000000005 -3.0802775631801804 0.6303060299893088
4.86 -3.1441603903407764 0.6938979263085011
4.87 -3.212758347700686 0.7621656033582598
4.88 -3.2809840857117454 0.8300428798437268
4.89 -3.343520450430595 0.8922209148516795
4.9 -3.3950141702918226 0.9433447760923945
4.91 -3.4301345691309337 0.978080880932443
4.92 -3.443621101303728 0.9911769788362462
4.93 -3.4304973839162978 0.9776901086288848
4.94 -3.386646705282808 0.9335740103147497
4.95 -3.309904336657305 0.8567742962266246
4.96 -3.201675368780766 0.7488283971270122
4.97 -3.068773444057116 0.6166535794184996
4.98 -2.9247079374084715 0.47375248756365546
4.99 -2.789245564125492 0.3396981514606993
5.0 -2.6852205476873183 0.23694354648330848
5.01 -2.6327107937079655 0.18512850170498169
5.0200000000000005 -2.6425446645466435 0.19480612968654554
5.03 -2.7122795254327174 0.26358004340262253
5.04 -2.82688268946079 0.3767532669087037
5.05 -2.963674408977022 0.5120771459994643
5.0600000000000005 -3.0988048924250347 0.6460274024568903
5.07 -3.2123635128424133 0.7588290980129051
5.08 -3.290796673721084 0.836911809188082
5.09 -3.327045240568888 0.8731368213877534
5.1000000000000005 -3.3196275973508964 0.8659571784211982
5.11 -3.271769882691593 0.8185814106736543
5.12 -3.191078210425128 0.7386299834332055
5.13 -3.089534698374651 0.6380742458209638
5.14 -2.9830159047150726 0.5326838445592103
5.15 -2.8893764910912085 0.44008026383439836
5.16 -2.8247719753449303 0.37612639420152394
5.17 -2.799259890944222 0.35068056452332824
5.18 -2.8138585247912564 0.36478493875817625
5.19 -2.8608610496477107 0.41096972604423687
5.2 -2.9272620798196343 0.47653771903833964
5.21 -2.999314399780941 0.5479687182275436
5.22 -3.0660327205751385 0.6143609366547651
5.23 -3.120666124146877 0.6689317953755796
5.24 -3.1604520547584456 0.7088343094216674
5.25 -3.185509041275206 0.734099876643169
5.26 -3.197602906092439 0.7464284642471357
5.2700000000000005 -3.1991673951396633 0.7482135098327807
5.28 -3.1926723734577367 0.7419051300948905
5.29 -3.1802869949092387 0.7296662301177039
5.3 -3.1637447562016194 0.7132316527613722
5.3100000000000005 -3.1443276521665053 0.6938883657150867
5.32 -3.122911610390079 0.6725186012227871
5.33 -3.1000385064666536 0.6496707275168725
5.34 -3.0759965541363723 0.6256391791205062
5.3500000000000005 -3.050900939134702 0.6005449775649558
5.36 -3.0247718266562873 0.5744137494884117
5.37 -2.997608871530276 0.5472502284179095
5.38 -2.969461236897164 0.5191081574752038
5.39 -2.940490683849167 0.49015311055255345
5.4 -2.9110231961974224 0.4607136979771325
5.41 -2.8815825649702633 0.4313146403433653
5.42 -2.852898232504649 0.40268413355624794
5.43 -2.8258804199229135 0.37572870554096005
5.44 -2.801558882548392 0.3514720992772796
5.45 -2.78098769275727 0.3309607151040841
5.46 -2.7651263476261616 0.31514590583385144
5.47 -2.7547151979435327 0.304760928510568
5.48 -2.7501679507303605 0.30021494306998575
5.49 -2.7515033993918694 0.30152578785841627
5.5 -2.758331745192555 0.3083065694437098
5.51 -2.769899358574477 0.31980982500414795
5.5200000000000005 -2.785183025600119 0.3350204899174453
5.53 -2.8030146554220017 0.3527790322445441
5.54 -2.822212977752035 0.371911711030552
5.55 -2.8417005837757903 0.3913466298525351
5.5600000000000005 -2.860591210249065 0.41020061239942446
5.57 -2.8782406847675643 0.4278302623748474
5.58 -2.8942627648895045 0.44384827111046327
5.59 -2.9085165076943595 0.4581114105841751
5.6000000000000005 -2.9210743035132927 0.4706891801460913
5.61 -2.9321797354306343 0.48182216530398125
5.62 -2.9422028690663478 0.4918776715487708
5.63 -2.95159833909076 0.5013080032958882
5.64 -2.9608693584390284 0.5106145422593154
5.65 -2.9705389185975255 0.5203189298160673
5.66 -2.9811281104274423 0.5309413160716164
5.67 -2.993140646807901 0.5429847820429164
5.68 -3.007052200943983 0.5569245645023383
5.69 -3.0233029533234146 0.5732004834231545
5.7 -3.042291639340233 0.5922108636075845
5.71 -3.064369300877289 0.6143061471287927
5.72 -3.089830779148974 0.639780221617196
5.73 -3.1189016648917054 0.6688571626059083
5.74 -3.1517178720585233 0.701670532308757
5.75 -3.188294151279902 0.7382315215917168
5.76 -3.228476651537587 0.7783810109733305
5.7700000000000005 -3.2718730692533935 0.8217190634226835
5.78 -3.317752150652551 0.8675036195830681
5.79 -3.364902895714292 0.9145088386384717
5.8 -3.4114442192845362 0.9608341517899798
5.8100000000000005 -3.454581414113515 1.0036611478156916
5.82 -3.4903234600596322 1.0389739968727931
5.83 -3.5132178215738588 1.0613031693430963
5.84 -3.516246716761983 1.0636412596662166
5.8500000000000005 -3.4911812879387 1.0378322061656164
5.86 -3.4298967148960964 0.9759343639736653
5.87 -3.327283483245077 0.8731644802206039
5.88 -3.1860617773096127 0.7326534443812157
5.89 -3.022375270899088 0.5707883358922297
5.9 -2.8683432113703162 0.41935025456736824
5.91 -2.765915197258631 0.31918285867216617
5.92 -2.7501838343425815 0.30407923145880233
5.93 -2.830755086058626 0.3832369468024634
5.94 -2.986004742731888 0.5359050618789812
5.95 -3.1754237323791887 0.7229202972883387
5.96 -3.3592057499141457 0.9052988129160813
5.97 -3.511155345410465 1.0569059638274534
5.98 -3.6207945238922488 1.1669099228831683
5.99 -3.6889701338876706 1.2357630031298983
6.0 -3.7222845307742993 1.2697990030549977
6.01 -3.7290217764079743 1.2771697126373565
6.0200000000000005 -3.7169598460320055 1.2656122091683986
6.03 -3.692536888478309 1.2415705856729002
6.04 -3.6607579937964663 1.2100737595256488
6.05 -3.6254171231003136 1.174942167606676
6.0600000000000005 -3.5893983279236044 1.1390822105225187
6.07 -3.5549443085098265 1.1047524164750038
6.08 -3.523847731764093 1.0737544517715423
6.09 -3.4975545734068554 1.0475372096387874
6.1000000000000005 -3.477186676854788 1.0272207840661338
6.11 -3.4635021437902536 1.0135587495692753
6.12 -3.456820071449589 1.0068649984460076
6.13 -3.456939764099165 1.0069348682106063
6.140000000000001 -3.4630821947697097 1.0129879219252629
6.15 -3.4738730629069403 1.0236514951717344
6.16 -3.487374946171945 1.0369926095351132
6.17 -3.501165541308905 1.0505956778128782
6.18 -3.5124544924141534 1.0616790833686203
6.19 -3.518234984594618 1.0672472854632924
6.2 -3.515476516446757 1.0642849759359807
6.21 -3.501376768045695 1.0500107681403645
6.22 -3.4736952419954785 1.0222120057447994
6.23 -3.4311799308492477 0.9796702354582666
6.24 -3.3740621261144286 0.9226505093159474
6.25 -3.30453129824207 0.8533652804124459
6.26 -3.2270248342674583 0.776249027505611
6.2700000000000005 -3.1481139984242565 0.6978304640319535
6.28 -3.075796618672616 0.6260219841886688
6.29 -3.0181670268093654 0.5688050931774061
6.3 -2.9817055099242293 0.5325537891794541
6.3100000000000005 -2.9696889753349223 0.5204844043686524
6.32 -2.981291925587395 0.5317805638602284
6.33 -3.0117254362202446 0.5617273963429412
6.34 -3.0533498708701194 0.6027945946092979
6.3500000000000005 -3.0973367949385704 0.6462616523289768
6.36 -3.1353439032601846 0.6838671406801415
6.37 -3.1608122969086496 0.7090983765220819
6.38 -3.169748670343589 0.7179792007649664
6.390000000000001 -3.1610484305001134 0.7094018185396356
6.4 -3.1364708219515305 0.685105726623563
6.41 -3.1003185403946856 0.6493543558373258
6.42 -3.0587892015717646 0.6082818906258972
6.43 -3.018952695244571 0.5688735729095157
6.44 -2.987422937248665 0.5376548517754637
6.45 -2.96899567434431 0.5193577912565617
6.46 -2.9656729722638024 0.5159706301469495
6.47 -2.9764343365919417 0.526513951609982
6.48 -2.9978255918513663 0.5476103239254081
6.49 -3.025090182725176 0.5745840237318842
6.5 -3.0533869124938273 0.6026526764904936
6.51 -3.0787077096289237 0.6278347553037855
6.5200000000000005 -3.0983303385430694 0.6474066076788146
6.53 -3.1108530909214918 0.6599484253635308
6.54 -3.1159670178486283 0.6651275683969187
6.55 -3.1141268107050997 0.6633768356152399
6.5600000000000005 -3.1062326228696895 0.6555796600644468
6.57 -3.0933780030881346 0.6428185961747207
6.58 -3.076677099641844 0.6262016384303773
6.59 -3.0571616329169116 0.6067578586114484
6.6000000000000005 -3.035730037293314 0.5853852926736541
6.61 -3.0131312618802184 0.5628337681948994
6.62 -2.989969188799463 0.5397086529133068
6.63 -2.966717736019977 0.5164855386014178
6.640000000000001 -2.9437402466531846 0.4935293924098417
6.65 -2.921309388445317 0.4711143376678495
6.66 -2.8996255562223463 0.4494420104944913
6.67 -2.878832878732732 0.42865756201408506
6.68 -2.85903257940137 0.4088630355747634
6.69 -2.840293789728077 0.3901282056888066
6.7 -2.8226620806636875 0.3724991373068707
6.71 -2.8061660386768854 0.35600478868553836
6.72 -2.7908222180395357 0.3406619878315551
6.73 -2.776638778135873 0.32647909083052706
6.74 -2.763618080702944 0.31345859699438333
6.75 -2.751758485397314 0.30159895947299775
6.76 -2.741055546937329 0.29089579489151784
6.7700000000000005 -2.7315027847452025 0.2813426632342603
6.78 -2.7230921666986165 0.27293155983788103
6.79 -2.7158144219743554 0.26565323468440755
6.8 -2.7096592736087133 0.25949742979367174
6.8100000000000005 -2.7046156590067487 0.25445310310401664
6.82 -2.7006719860860886 0.250508686679925
6.83 -2.697816454098539 0.24765240844812828
6.84 -2.6960374516086874 0.24587269010888307
6.8500000000000005 -2.695324029836356 0.24515861960375263
6.86 -2.6956664377591393 0.24550048471057476
6.87 -2.6970566960801117 0.24689034503487406
6.88 -2.69948918029182 0.24932261277054532
6.890000000000001 -2.7029611783236573 0.2527946078239335
6.9 -2.707473385172811 0.25730704976257684
6.91 -2.713030294847141 0.2628644469225159
6.92 -2.71964044810781 0.26947534110428667
6.93 -2.7273164919953707 0.2771523637138132
6.94 -2.7360750029745633 0.2859120549808647
6.95 -2.745936018693277 0.2957743909669688
6.96 -2.7569222127136723 0.30676195235041054
6.97 -2.7690576309797486 0.31889865328932054
6.98 -2.7823658870385954 0.3322079268198701
6.99 -2.796867683946312 0.3467102340663659
7.0 -2.8125774933175105 0.36241972699372127
7.01 -2.8294991754925087 0.3793398479286016
7.0200000000000005 -2.8476202696482344 0.39745759402971303
7.03 -2.866904621224079 0.41673611377739084
7.04 -2.8872829524568617 0.4371052417702457
7.05 -2.9086409332201377 0.4584495311067462
7.0600000000000005 -2.930804298794353 0.4805933349906269
7.07 -2.9535206335158435 0.5032825666088814
7.08 -2.9764376706707547 0.5261630061241899
7.09 -2.9990784725106034 0.54875555013044
7.1000000000000005 -3.0208148369190715 0.5704298002522067
7.11 -3.040841991254962 0.5903791253806218
7.12 -3.058160400633632 0.6076031225867221
7.13 -3.0715746299779507 0.6209075222393682
7.140000000000001 -3.0797246782201935 0.6289370206693091
7.15 -3.0811712847816066 0.6302624530953186
7.16 -3.074560956707883 0.6235476205805476
7.17 -3.0588936411069536 0.607817662784379
7.18 -3.0338974608581575 0.5828316241827568
7.19 -3.00047083359714 0.5495174062502878
7.2 -2.961079370437447 0.5103554763758555
7.21 -2.9199119282436787 0.4695183955549911
7.22 -2.8825622049394584 0.43254106605922377
7.23 -2.8550898405036276 0.4053877904844446
7.24 -2.8425708324817585 0.39303253950212935
7.25 -2.8475836836120862 0.39798904562890075
7.26 -2.8692647769373414 0.4193988469524232
7.2700000000000005 -2.9033962737162704 0.45311813993654554
7.28 -2.94351045049375 0.4927881135417543
7.29 -2.9825253096842577 0.531426775458735
7.3 -3.014276943105153 0.562932466600565
7.3100000000000005 -3.034514062568088 0.5830730733510491
7.32 -3.0412535488312136 0.5898525333085379
7.33 -3.0346389210808105 0.5833845719680242
7.34 -3.0165198309017667 0.5654839088792727
7.3500000000000005 -2.989929713230501 0.5391500925500181
7.36 -2.9585625161023144 0.5080464592052752
7.37 -2.926291041418314 0.47601913135904517
7.38 -2.896743528689398 0.4466743332714014
7.390000000000001 -2.8729530211031196 0.42302906140889124
7.4 -2.8571000154980806 0.40725521316530194
7.41 -2.8503700514078565 0.4005380496390934
7.42 -2.852938520945775 0.40306063659930336
7.43 -2.8640768100585987 0.4141082194558671
7.44 -2.882353584108361 0.4322667300517553
7.45 -2.9058902099158495 0.45567513958751366
7.46 -2.9326248133448245 0.48228689632419897
7.47 -2.9605456743743197 0.5101016406690406
7.48 -2.987868117562394 0.5373414900658469
7.49 -3.0131447048990094 0.5625615320199231
7.5 -3.0353119751035207 0.5846974385369972
7.51 -3.053685749910131 0.6030618742992858
7.5200000000000005 -3.0679207660465893 0.6173051869174973
7.53 -3.077950123414745 0.6273557116986059
7.54 -3.083917348586105 0.6333524337479737
7.55 -3.086110235588747 0.6355791832268096
7.5600000000000005 -3.084902089741577 0.6344060397244496
7.57 -3.0807031303257846 0.6302407621520512
7.58 -3.0739227888588143 0.6234910363411743
7.59 -3.0649424199452113 0.6145371005832585
7.6000000000000005 -3.054097358114415 0.6037137122689303
7.61 -3.0416671157948296 0.5913002684411899
7.62 -3.0278726489515586 0.5775180146046384
7.63 -3.012879871668114 0.5625335229664189
7.640000000000001 -2.9968088596838256 0.5464678733125903
7.65 -2.9797483441333004 0.5294111248779971
7.66 -2.9617750695396494 0.5114416348858355
7.67 -2.9429772948827084 0.49264948022997207
7.68 -2.923481099587382 0.47316262147692095
7.69 -2.90347722153496 0.4531735201922759
7.7 -2.883245009871217 0.4329627931583236
7.71 -2.863168980856001 0.41291542127800873
7.72 -2.843742847613432 0.3935244507549255
7.73 -2.825556292082701 0.3753775559214627
7.74 -2.8092616382373845 0.3591237364735621
7.75 -2.795521115820588 0.34542092271515956
7.76 -2.784940105140804 0.33486988360287306
7.7700000000000005 -2.7779964348158086 0.3279443989951799
7.78 -2.7749788024734756 0.32493055049882724
7.79 -2.775947208377652 0.3258877652662562
7.8 -2.7807243919420137 0.3306404066034774
7.8100000000000005 -2.7889205254711187 0.33880211435147783
7.82 -2.7999859434773113 0.34982779008949944
7.83 -2.8132808955471114 0.3630824477068028
7.84 -2.8281488919699953 0.3779137493939265
7.8500000000000005 -2.843981459368606 0.3937162227617429
7.86 -2.860266026501481 0.4099789417696915
7.87 -2.876613555228883 0.4263132438430779
7.88 -2.8927668802257926 0.44246134375504526
7.890000000000001 -2.9085936092750537 0.458289582385594
7.9 -2.9240686653706733 0.4737713016293064
7.91 -2.9392514362666753 0.48896425838656377
7.92 -2.9542615654147846 0.5039865933780798
7.930000000000001 -2.9692561757137232 0.5189941517996994
7.94 -2.984410123119358 0.5341607705389003
7.95 -2.9998999216066737 0.5496621941894295
7.96 -3.01589132147889 0.5656636203631401
7.97 -3.0325301353111516 0.5823104826350846
7.98 -3.0499357293832094 0.5997218983591186
7.99 -3.0681965667295974 0.6179861729880187
8.0 -3.0873672440133184 0.6371578058305718
8.01 -3.107466566529104 0.6572555425284482
8.02 -3.1284763267269495 0.6782611396749848
8.03 -3.1503405764812036 0.7001186314385697
8.040000000000001 -3.1729653049321342 0.7227340095881722
8.05 -3.196218550116225 0.7459753447882268
8.06 -3.2199310841308564 0.7696734886434268
8.07 -3.243897918775871 0.7936236031375907
8.08 -3.267880980357783 0.8175878655922678
8.09 -3.291613394196924 0.8412997885259426
8.1 -3.314805892002803 0.8644706653821531
8.11 -3.3371558930086898 0.8867986892739782
8.120000000000001 -3.3583597896688566 0.9079812697547667
8.13 -3.378128860938543 0.9277309624423127
8.14 -3.3962090063452384 0.945795194161878
8.15 -3.412404109547481 0.9619795801969956
8.16 -3.426602280835373 0.9761740713373827
8.17 -3.438803502988191 0.9883804470305884
8.18 -3.44914637195735 0.9987388463092646
8.19 -3.457930808126309 1.0075502259951878
8.2 -3.46563301410942 1.0152910534645385
8.21 -3.472908823308016 1.0226164270987899
8.22 -3.4805821648488764 1.0303484093825197
8.23 -3.4896167993850296 1.0394477807935258
8.24 -3.5010716547083027 1.0509695684716829
8.25 -3.516042582460797 1.0660051456718096
8.26 -3.5355954446949593 1.085615728430444
8.27 -3.5606963296434064 1.110762951546028
8.28 -3.592143941527341 1.142241470699152
8.290000000000001 -3.630507145424804 1.1806165607709183
8.3 -3.6760685524633585 1.2261677110954545
8.31 -3.72877467913556 1.278838957665012
8.32 -3.7881958033126013 1.3381992478113856
8.33 -3.8535035667686173 1.4034208686898835
8.34 -3.9234788291685594 1.4732881539008411
8.35 -3.9965623984836682 1.5462486226547947
8.36 -4.0709545749382885 1.6205120880443216
8.370000000000001 -4.14475703963371 1.694191194195536
8.38 -4.216137227376439 1.7654638649586785
8.39 -4.283486869599807 1.8327299510559099
8.4 -4.345546601770042 1.8947345357084486
8.41 -4.401476980974271 1.9506385332298464
8.42 -4.450869064501029 2.0000296784594798
8.43 -4.493699952927315 2.0428790182994585
8.44 -4.5302468672111775 2.0794561138532828
8.45 -4.560976284371711 2.1102191871681972
8.46 -4.586423309460537 2.135695233022246
8.47 -4.607072695882102 2.1563614795225305
8.48 -4.623248624281015 2.172535369991354
8.49 -4.635016872185805 2.1842768089214744
8.5 -4.642101104028141 2.1913045305229644
8.51 -4.6438149838278076 2.192928424032784
8.52 -4.639013712544865 2.1880015460795104
8.53 -4.626072346693442 2.1748992933429685
8.540000000000001 -4.6029036443655444 2.1515385642590483
8.55 -4.567034630919382 2.1154560992441938
8.56 -4.515767223937192 2.063971157577643
8.57 -4.446451382930092 1.9944605003093625
8.58 -4.356894701943815 1.9047686431310986
8.59 -4.2459135731414 1.7937570503124638
8.6 -4.113991143791526 1.6619557889775234
8.61 -3.9639436165203854 1.512218051118947
8.620000000000001 -3.801418450356774 1.3502019510146746
8.63 -3.6349856328620684 1.1844451545904313
8.64 -3.475587132440959 1.0258056155172568
8.65 -3.3352315396352847 0.8861645384654612
8.66 -3.225069764284609 0.7765313685284477
8.67 -3.1532860856403455 0.7049779041907052
8.68 -3.1234294316474798 0.6750083993545313
8.69 -3.1337439284210196 0.684905345866727
8.700000000000001 -3.177720040711758 0.728264459775419
8.71 -3.2456396779656878 0.795501472629125
8.72 -3.3265675143636155 0.8758023494008795
8.73 -3.4101908971721318 0.9589360145855084
8.74 -3.4881005066630233 1.0365275884022866
8.75 -3.5543846494847964 1.1026606911968821
8.76 -3.6056370606996246 1.153900155543358
8.77 -3.6405865721631994 1.1889362311949503
8.78 -3.65955995901303 1.2080578429790447
8.790000000000001 -3.663934620534097 1.2126109063834587
8.8 -3.655670099332908 1.204531728886227
8.81 -3.636952269475196 1.1859907909842586
8.82 -3.6099490747887093 1.1591470221927045
8.83 -3.5766595885454224 1.125995147681402
8.84 -3.5388330988754033 1.0882832308017814
8.85 -3.4979364305059586 1.047478782869736
8.86 -3.4551519497971492 1.004765903150606
8.870000000000001 -3.411393450337873 0.9610605977560991
8.88 -3.367331338351684 0.917035629944965
8.89 -3.3234218877925423 0.873149608939447
8.9 -3.279937819724172 0.8296775207613423
8.91 -3.2369992163152483 0.7867416720069471
8.92 -3.1946049565361543 0.7443432022824708
8.93 -3.1526655637253556 0.7023950271226936
8.94 -3.1110386220523307 0.6607573380279812
8.950000000000001 -3.069567717961958 0.6192765795078399
8.96 -3.028125113587392 0.5778280675757657
8.97 -2.9866569819779345 0.5363610359566089
8.98 -2.9452280365402808 0.4949429115517126
8.99 -2.9040599871512933 0.4537972563282764
9.0 -2.863696919778783 0.41351792222266603
9.01 -2.8247834078466107 0.3746492922087186
9.02 -2.787805268293994 0.3377223991893022
9.03 -2.753594864740013 0.3035635875361841
9.040000000000001 -2.7229794496668878 0.2729928553425576
9.05 -2.6966691530522113 0.2467132398694226
9.06 -2.6751485333489184 0.22520398547014303
9.07 -2.6585957491421928 0.20864105128411448
9.08 -2.646849089001588 0.19686422580529805
9.09 -2.6394294722271887 0.18939924384949364
9.1 -2.6356132809274113 0.18552941226953507
9.11 -2.6345377308995666 0.184399386623563
9.120000000000001 -2.6353151140808624 0.18512794534523327
9.13 -2.637133854889973 0.18690808056739716
9.14 -2.6393315243240645 0.18907967928773808
9.15 -2.6414342221037463 0.1911691105560728
9.16 -2.643164788090162 0.19289796468675113
9.17 -2.6444273027034946 0.1941681795383635
9.18 -2.6452770471016853 0.1950325607890078
9.19 -2.645884336082238 0.19565902648627265
9.200000000000001 -2.6464985703221364 0.1962949070258052
9.21 -2.6474164737219055 0.19723529125604758
9.22 -2.64895640646125 0.19879734992355236
9.23 -2.651439135323149 0.2013010579600407
9.24 -2.655174513863872 0.20505579963610093
9.25 -2.660453065657132 0.21035187090097768
9.26 -2.66754132828856 0.21745574863186312
9.27 -2.676679872075866 0.22660804620238367
9.28 -2.6880830565724687 0.23802321964508885
9.290000000000001 -2.7019397648860446 0.25189026332131453
9.3 -2.7184145234982813 0.26837380061494975
9.31 -2.7376485557667296 0.2876151153881116
9.32 -2.7597604248636998 0.3097327776542582
9.33 -2.784845997525273 0.33482259287430954
9.34 -2.812977507871941 0.36295665256384807
9.35 -2.844464834760043 0.3943863994915029
9.36 -2.8792513721790423 0.42917152768507505
9.370000000000001 -2.91719530423614 0.46711132084287965
9.38 -2.9582443532360947 0.508152887229225
9.39 -3.002297912495166 0.5521948477299544
9.4 -3.0491965959291094 0.599076869700294
9.41 -3.098709556954373 0.648566973899815
9.42 -3.1505194981952016 0.7003465400560132
9.43 -3.204205433283406 0.753993078188635
9.44 -3.259223490114098 0.8089610630046189
9.450000000000001 -3.3148863903432813 0.8645614762887626
9.46 -3.3703427314953425 0.9199411956436786
9.47 -3.4245578573568687 0.9740640280387973
9.48 -3.4762989329256477 1.0256960160800077
9.49 -3.524127814476513 1.0733986153671966
9.5 -3.5664063540853177 1.115534383605115
9.51 -3.6013197925599365 1.1502908294099305
9.52 -3.626924754882364 1.1757289247380958
9.53 -3.6412289941847003 1.1898634201735274
9.540000000000001 -3.6423104647576396 1.1907825455877936
9.55 -3.6284836313891407 1.1768149973392188
9.56 -3.598520949324177 1.1467520578568464
9.57 -3.5519358832674843 1.1001308849491467
9.58 -3.489327125958752 1.0375778459884781
9.59 -3.4127655018632406 0.9611920597316462
9.6 -3.326168452499599 0.8749125723617506
9.61 -3.2355513506718596 0.7847579778354585
9.620000000000001 -3.1489866346198916 0.6987718397727577
9.63 -3.0760814399261993 0.6264908992077494
9.64 -3.0268558561867946 0.5778269311630951
9.65 -3.010096270483694 0.5614426383632165
9.66 -3.0315260155699493 0.5829602790313902
9.67 -3.092344097376497 0.6435387030429339
9.68 -3.1886743298566262 0.739341457355456
9.69 -3.3121850933888095 0.8621449186092159
9.700000000000001 -3.4517051529824707 1.0009174657799946
9.71 -3.595306960413477 1.1438596343807257
9.72 -3.732234480833211 1.2803011035430891
9.73 -3.8542236453791836 1.4020112280579575
9.74 -3.95606024686111 1.5037649095020909
9.75 -4.035479313413729 1.58325879544739
9.76 -4.092643574771835 1.6406068154541078
9.77 -4.129448770341471 1.6776579411140953
9.78 -4.1488411587986755 1.697320416238864
9.790000000000001 -4.154251080929597 1.7029974068007598
9.8 -4.1491786313302725 1.6981719043454258
9.81 -4.136924486974332 1.686135487954797
9.82 -4.120438427821997 1.6698345097355602
9.83 -4.102252862985915 1.6518015533805068
9.84 -4.084471684191211 1.6341426820923557
9.85 -4.06879098427418 1.618557017363677
9.86 -4.056534717627192 1.6063716456909094
9.870000000000001 -4.0486939238421495 1.5985803735222985
9.88 -4.045962303183147 1.5958790271264052
9.89 -4.048763806800391 1.5986928883546132
9.9 -4.057269750939262 1.6071937251665405
9.91 -4.071404084899358 1.6213050159025804
9.92 -4.0908361201662835 1.6406946614146476
9.93 -4.114960520277115 1.664754988073188
9.94 -4.142864908321964 1.6925704204124687
9.950000000000001 -4.173286347841395 1.7228741238187448
9.96 -4.204559532890813 1.7539965275293263
9.97 -4.234562221830619 1.783811375412445
9.98 -4.260667815138079 1.809689362238331
9.99 -4.279721615010945 1.8284760886718687
10.0 -4.288066660835218 1.8365204217425712
10.01 -4.28165685098457 1.82979104547726
10.02 -4.256307231214739 1.8041307870712333
10.03 -4.208137931255956 1.7557040995246915
10.040000000000001 -4.134257007111252 1.6816804945689536
10.05 -4.033678672956226 1.5811463258752472
10.06 -3.9083654673092574 1.4561288570247346
10.07 -3.764113100780754 1.3124500899213216
10.08 -3.6108202784737515 1.15996119626879
10.09 -3.4616467752751094 1.0116829632041189
10.1 -3.3308450186901104 0.8816637322571539
10.11 -3.2306876380777516 0.7819817793190713
10.120000000000001 -3.1685838687093884 0.7199479805781379
10.13 -3.1456141298936737 0.6966798540137554
10.14 -3.157045632817596 0.7075833207290602
10.15 -3.194362419656121 0.7443064865599773
10.16 -3.247729562702741 0.7971397258363839
10.17 -3.3079501990996225 0.8569499182474225
10.18 -3.367541829333899 0.9162677116473702
10.19 -3.4210503724070094 0.9696240565314166
10.200000000000001 -3.4649111069153737 1.0134294384333855
10.21 -3.49712597169414 1.0456609934355874
10.22 -3.5169124615949996 1.0655148968799948
10.23 -3.5243870508200135 1.0730902460380842
10.24 -3.520298159660862 1.0691215839618367
10.25 -3.505806986754877 1.0547592470235079
10.26 -3.48231163096986 1.031393119861171
10.27 -3.4513104258716076 1.0005156554920722
10.28 -3.4143005740087315 0.9636201810383727
10.290000000000001 -3.3727076431669816 0.9221300357217717
10.3 -3.3278408548419685 0.877353491688253
10.31 -3.280868817007061 0.8304591399742433
10.32 -3.2328105564025575 0.782466620742338
10.33 -3.1845372927493334 0.7342481523669668
10.34 -3.1367811927604348 0.6865370988218272
10.35 -3.090148184432348 0.6399406503723997
10.36 -3.045132691657829 0.5949544686427858
10.370000000000001 -3.002132808156128 0.5519778052169869
10.38 -2.961464950287095 0.511328124217278
10.39 -2.9233774172505864 0.47325464968718767
10.4 -2.8880625633369608 0.4379505364104341
10.41 -2.8556674729561977 0.40556355038464176
10.42 -2.8263031468541304 0.3762052641261582
10.43 -2.8000522757668946 0.34995884081890594
10.44 -2.7769757104490056 0.32688551473394656
10.450000000000001 -2.7571177454935945 0.30702988433465245
10.46 -2.740510326383449 0.29042412682673446
10.47 -2.7271762698820874 0.27709122376545287
10.48 -2.717131560236716 0.26704725976666027
10.49 -2.710386749142863 0.26030282183040615
10.5 -2.706947446168681 0.2568634854466993
10.51 -2.7068138375052233 0.25672932467542947
10.52 -2.709979112865591 0.2598933251580128
10.53 -2.716426610937505 0.26633850938584586
10.540000000000001 -2.7261254106991357 0.2760335002618595
10.55 -2.739023997424419 0.28892615041954234
10.56 -2.7550415185918506 0.3049347513351415
10.57 -2.7740560209916865 0.32393621311223697
10.58 -2.79588894016626 0.34575048754745197
10.59 -2.8202850284112926 0.370120426132209
10.6 -2.846886920571445 0.39668628519143634
10.61 -2.875203763536776 0.42495433048223114
10.620000000000001 -2.9045739771224146 0.4542596578812661
10.63 -2.9341236008543734 0.4837247687264992
10.64 -2.9627243145187587 0.5122181209981309
10.65 -2.988959780568707 0.5383214951605233
10.66 -3.0111161848563786 0.5603222809071534
10.67 -3.02722311861884 0.5762570089792493
10.68 -3.035183186406555 0.5840444184075644
10.69 -3.0330384088872773 0.5817553195850085
10.700000000000001 -3.0194177192891365 0.5680614190400185
10.71 -2.9941735025308134 0.5428672328619553
10.72 -2.9591236492566773 0.5080370385818941
10.73 -2.9186638492976122 0.46798023012778905
10.74 -2.8798553009667325 0.4297085982336854
10.75 -2.8515671561361566 0.40196639066660245
10.76 -2.8425370818883526 0.39332081791770057
10.77 -2.858821840549764 0.40968563803960173
10.78 -2.901697838654861 0.45229757805042525
10.790000000000001 -2.9670848157542635 0.5171626464145802
10.8 -3.046809438885315 0.5962707759477538
10.81 -3.1310211291964456 0.6799300256440345
10.82 -3.2105963573609424 0.759112406855683
10.83 -3.2786658958412698 0.8269700810816337
10.84 -3.3310606831184173 0.8793041154293091
10.85 -3.365972511767349 0.9142563036050504
10.86 -3.3832715200066357 0.9316494398732906
10.870000000000001 -3.383821775201015 0.9323135852593438
10.88 -3.3689672944866444 0.9175739175270925
10.89 -3.3402294974516598 0.8889456120330494
10.9 -3.2991873472004305 0.8480100869725271
10.91 -3.247487149234933 0.7964210234127784
10.92 -3.186927483275733 0.735986022184286
10.93 -3.1195705255410395 0.6687751020665567
10.94 -3.047837169890981 0.5972133651340161
10.950000000000001 -2.9745490121551272 0.5241209917348698
10.96 -2.90288773545753 0.4526714300864967
10.97 -2.8362547954536588 0.3862511396024709
10.98 -2.778033238192126 0.32822309319095616
10.99 -2.7312775041407726 0.28161989897603457
11.0 -2.698380773818973 0.2488155371431478
11.01 -2.680784648805385 0.23123940919810307
11.02 -2.6787951708884545 0.22919539802898278
11.03 -2.6915495656708854 0.24182933145386293
11.040000000000001 -2.717144222836786 0.26725512372628746
11.05 -2.7528971288205533 0.302813441720822
11.06 -2.7956896704444207 0.3454090246305971
11.07 -2.842321790765388 0.39186190782553837
11.08 -2.8898219190864802 0.43921483680054313
11.09 -2.9356732893169735 0.4849587420124394
11.1 -2.977942567348868 0.5271619282827545
11.11 -3.015317524898354 0.564509172315621
11.120000000000001 -3.0470736462304644 0.5962700481842984
11.13 -3.0729944977078665 0.6222208847986788
11.14 -3.0932693087773475 0.6425435714828512
11.15 -3.1083862443353594 0.6577196267936062
11.16 -3.119033735986021 0.6684319417136335
11.17 -3.126016612141256 0.6754810304265121
11.18 -3.130189410045964 0.6797182724817934
11.19 -3.1324063296865248 0.6819956914666985
11.200000000000001 -3.1334856104153177 0.6831301123715645
11.21 -3.1341853493782237 0.6838787549035812
11.22 -3.1351876063735262 0.6849231269447997
11.23 -3.137087781964143 0.6868582114221464
11.24 -3.140386520497006 0.6901841964444762
11.25 -3.1454816538793584 0.6952982583832199
11.26 -3.152657900106585 0.7024841044576847
11.27 -3.162072145164385 0.7118970977790803
11.28 -3.1737321979630577 0.7235428545702512
11.290000000000001 -3.1874670068868984 0.7372473143113563
11.3 -3.2028866516254997 0.7526166316106759
11.31 -3.2193313240594463 0.7689861795857076
11.32 -3.2358105940952924 0.7853601047197442
11.33 -3.250938506159629 0.8003472261148903
11.34 -3.2628779154913556 0.812107068279955
11.35 -3.2693207083718927 0.8183331652164095
11.36 -3.267550394908285 0.816320560568606
11.370000000000001 -3.254658362722128 0.8031886602626465
11.38 -3.2280052843123292 0.7763491658980038
11.39 -3.1860097463394084 0.7342962351296659
11.4 -3.129261748236259 0.6777076970887176
11.41 -3.061748711330128 0.6106356490457697
11.42 -2.991653122676534 0.5412472922452979
11.43 -2.9309089208554906 0.4813319968779403
11.44 -2.892870619113016 0.44398311068745283
11.450000000000001 -2.8883704091994873 0.4397639600697429
11.46 -2.921771468713321 0.4729159865945464
11.47 -2.98920487873341 0.5396750454692735
11.48 -3.080092965926377 0.6297267413234632
11.49 -3.181013578661956 0.7299171132929406
11.5 -3.2797390470847287 0.8281752143295535
11.51 -3.367740935374171 0.9159974746727286
11.52 -3.440775742491925 0.9890798585538725
11.53 -3.498152352568823 1.0466432571141238
11.540000000000001 -3.5415067966694553 1.0902459700535483
11.55 -3.5736575779797937 1.1226530425585415
11.56 -3.5977798598923862 1.147009723791928
11.57 -3.6169138000995678 1.166343441133568
11.58 -3.633728298686348 1.1833208299926616
11.59 -3.650447359628969 1.2001689986021875
11.6 -3.6688651087304454 1.218687293186623
11.61 -3.690400440047924 1.2403001195035386
11.620000000000001 -3.716162645982666 1.266121673463564
11.63 -3.7470130915042184 1.2970172444622148
11.64 -3.7836161071754026 1.3336540017054141
11.65 -3.826476535934161 1.3765385381974544
11.66 -3.875963231037701 1.426040377393472
11.67 -3.9323182537969155 1.482401137663294
11.68 -3.9956511467649807 1.5457286960232115
11.69 -4.065916769582401 1.61597481126556
11.700000000000001 -4.142873916754938 1.6928933992358792
11.71 -4.226020335136712 1.7759750503025762
11.72 -4.314497854876881 1.8643514783488082
11.73 -4.40695925550382 1.956661517353126
11.74 -4.5013865762616305 2.0508684249040554
11.75 -4.594849790075768 2.1440175965514072
11.76 -4.683197218947078 2.2319265414756453
11.77 -4.760679155287646 2.308809622474688
11.78 -4.819532194944998 2.366867113215711
11.790000000000001 -4.849608125951575 2.39592602335482
11.8 -4.838238930431095 2.383329646790572
11.81 -4.770709906361754 2.314453551571495
11.82 -4.631959914283301 2.1744666897376925
11.83 -4.410334648527434 1.9521414825709156
11.84 -4.104051413626191 1.646303848134411
11.85 -3.7298532281335657 1.2742839931076813
11.86 -3.330557678304041 0.8789967760795454
11.870000000000001 -2.9746899043147135 0.5280361988809027
11.88 -2.74110166322474 0.29829026863265445
11.89 -2.689581765939412 0.24758362616473648
11.9 -2.8325541426191605 0.38785005970093345
11.91 -3.12817038778545 0.6786525851864635
11.92 -3.500535380681928 1.046289176067988
11.93 -3.8717921514029596 1.414434202233374
11.94 -4.185781741679773 1.727277785709913
11.950000000000001 -4.415028660983305 1.9568868760399951
11.96 -4.5554914559787765 2.0985369024897906
11.97 -4.617170929361187 2.161672710150557
11.98 -4.615932455711557 2.1618258005013233
11.99 -4.568278206106556 2.115348026238216
12.0 -4.488748964944595 2.0367432801638645
12.01 -4.389040150294655 1.9377263902203035
12.02 -4.27802443062011 1.827210353921505
12.030000000000001 -4.162155801519603 1.7116921486828565
12.040000000000001 -4.045970536959995 1.5957459073930496
12.05 -3.9325545946974545 1.4824880511240823
12.06 -3.8239312322668666 1.3739651286398817
12.07 -3.7213628242266275 1.2714567684488831
12.08 -3.625577131553192 1.1757032502154732
12.09 -3.536932812861414 1.087072184065898
12.1 -3.4555384359402357 1.0056784672656978
12.11 -3.381336939982759 0.9314694706056597
12.120000000000001 -3.314164896439581 0.8642848366281309
12.13 -3.2537935996826355 0.8038979612171124
12.14 -3.199957150827543 0.7500443581839547
12.15 -3.152371268466989 0.7024406699024497
12.16 -3.1107454983983223 0.6607970184666835
12.17 -3.074790720352178 0.6248246119614704
12.18 -3.044223291850962 0.5942399580376361
12.19 -3.018766770418695 0.5687666347100389
12.200000000000001 -2.9981518720236147 0.5481352825180422
12.21 -2.9821151240753205 0.532082280902685
12.22 -2.970396532861067 0.5203474320249091
12.23 -2.9627364922794404 0.5126708814254176
12.24 -2.9588721026199165 0.5087894463140811
12.25 -2.958533038369204 0.5084324922267965
12.26 -2.9614370989804186 0.5113174936261811
12.27 -2.96728559481801 0.517145432302683
12.280000000000001 -2.975758762274627 0.5255962292939625
12.290000000000001 -2.986511468462733 0.5363244725441737
12.3 -2.9991695581430093 0.5489557948227826
12.31 -3.013327313853602 0.5630843745932154
12.32 -3.028546642040331 0.5782721738971014
12.33 -3.0443587558124143 0.5940506841410248
12.34 -3.0602692830738776 0.6099261069893049
12.35 -3.0757678596139213 0.6253890255034562
12.36 -3.0903433268565923 0.6399296765801339
12.370000000000001 -3.103505581204789 0.6530598574366878
12.38 -3.1148148355859213 0.6643422061003669
12.39 -3.123918461357383 0.6734269971336109
12.4 -3.1305945928984134 0.6800956040294759
12.41 -3.1348002476062238 0.6843083516595193
12.42 -3.1367198740554385 0.6862526532280341
12.43 -3.136808164380283 0.6863852735008008
12.44 -3.1358190153869367 0.6854606464127035
12.450000000000001 -3.1348112547714213 0.6845359541803894
12.46 -3.1351218461991115 0.684943816362831
12.47 -3.1382993708213314 0.6882255417747095
12.48 -3.1459949233238507 0.6960222116296582
12.49 -3.1598137625603187 0.7099269796305449
12.5 -3.1811378751363573 0.7313086565955955
12.51 -3.210935079668923 0.7611219655690986
12.52 -3.2495722827004703 0.7997217325394561
12.530000000000001 -3.296647570624361 0.8466953599426105
12.540000000000001 -3.3508482152350645 0.90072049125
12.55 -3.4098319306828357 0.959445380373455
12.56 -3.4701219748638406 1.0193832661691489
12.57 -3.52701074868097 1.0758168598073117
12.58 -3.5744921811826127 1.122735677307972
12.59 -3.6053040085162507 1.1528907995289248
12.6 -3.61126934341615 1.1581598886699644
12.61 -3.5842753692996774 1.130559321731403
12.620000000000001 -3.518339430175669 1.06433777638435
12.63 -3.4130612877610633 0.9594047344201202
12.64 -3.2779407281516666 0.825503964471263
12.65 -3.135314274517452 0.6848711796162913
12.66 -3.0179790851567314 0.5696343753994993
12.67 -2.9587787911763295 0.5116087095866243
12.68 -2.975607808206069 0.528019147878787
12.69 -3.0619075958053195 0.612575445457278
12.700000000000001 -3.1904703153999883 0.7390326469970803
12.71 -3.3272844350834347 0.8742692000247867
12.72 -3.4448926395760533 0.9911717932834718
12.73 -3.52828485507349 1.0746011912489093
12.74 -3.573804402439753 1.120592436570384
12.75 -3.58502486767795 1.1324442428933594
12.76 -3.56875291588864 1.1167921397956893
12.77 -3.5323696395423076 1.0809381009795913
12.780000000000001 -3.4824793204671067 1.0314651106071377
12.790000000000001 -3.4244301083526056 0.9737287376433316
12.8 -3.362297229647155 0.9118222976841529
12.81 -3.299060583471995 0.848745253803573
12.82 -3.236832759117752 0.7866274021790353
12.83 -3.1770725959922794 0.7269413522581643
12.84 -3.120761815047811 0.6706792900109517
12.85 -3.0685420264494745 0.6184905394736785
12.86 -3.020817145352132 0.5707845963343574
12.870000000000001 -2.977828254905537 0.5278065346116633
12.88 -2.939707579862721 0.4896914132897756
12.89 -2.9065170747217635 0.4565031918268875
12.9 -2.8782758796565715 0.42826242626529976
12.91 -2.854979811194943 0.4049659329742095
12.92 -2.83661519428206 0.386600744027323
12.93 -2.8231686928986455 0.37315402502546563
12.94 -2.8146343189127805 0.3646201452220217
12.950000000000001 -2.81101845259548 0.36100574073945396
12.96 -2.8123434582740634 0.3623333595468247
12.97 -2.818650297352601 0.3686440940120767
12.98 -2.8300004074474776 0.37999947216884716
12.99 -2.8464770149490093 0.39648277650506153
13.0 -2.868185967004297 0.4181998770665426
13.01 -2.89525609835038 0.44527959452013355
13.02 -2.9278390807515104 0.4778735406114468
13.030000000000001 -2.966108630793483 0.5161553109065674
13.040000000000001 -3.0102588681196187 0.5603188204271935
13.05 -3.060501512669525 0.6105754685299228
13.06 -3.1170614763499374 0.6671496853283297
13.07 -3.1801702297706735 0.7302722359915992
13.08 -3.250056093141261 0.8001704262373492
13.09 -3.3269302934697715 0.877054043554276
13.1 -3.4109672254483634 0.9610954617790383
13.11 -3.5022768257759416 1.052401806707996
13.120000000000001 -3.600866295905716 1.1509764036839187
13.13 -3.7065875714752385 1.256665890843863
13.14 -3.819065951030667 1.3690883993415983
13.15 -3.9376042400694224 1.487537156937098
13.16 -4.0610558524011715 1.6108529859821892
13.17 -4.187660017368128 1.7372589343708273
13.18 -4.314833535919398 1.8641516916518832
13.19 -4.438918236322216 1.9878493675589408
13.200000000000001 -4.55489463316803 2.1033069308774697
13.21 -4.6560955971278055 2.203834472037516
13.22 -4.733996873787204 2.2808971948548953
13.23 -4.778233139614573 2.3241484100194425
13.24 -4.777093425428896 2.3219511810051774
13.25 -4.718870929063518 2.2627609413815284
13.26 -4.594504234896284 2.1377912283968046
13.27 -4.401765427779326 1.9451815865720434
13.280000000000001 -4.150526615111354 1.6951443406171556
13.290000000000001 -3.867172495904433 1.4141317774709243
13.3 -3.594557487184509 1.1445270048813274
13.31 -3.3839372202727636 0.936568182807962
13.32 -3.2792518319169357 0.8331022455247218
13.33 -3.300754986212313 0.8539082827061756
13.34 -3.4378156273834826 0.9887875356183217
13.35 -3.655038704797744 1.2033109583135093
13.36 -3.906666143908511 1.452611268645513
13.370000000000001 -4.150552897122689 1.695016493156928
13.38 -4.356340738193816 1.9002302395872703
13.39 -4.507422580185265 2.05146374190192
13.4 -4.5989141999401415 2.143571626654086
13.41 -4.634060729774366 2.1795595158283114
13.42 -4.620691549072411 2.1670806943349117
13.43 -4.568467223909898 2.1156872862747895
13.44 -4.487073306631712 2.0350108768370374
13.450000000000001 -4.385220565346137 1.9337452457320379
13.46 -4.270218649502267 1.8192047121232078
13.47 -4.1479045126884415 1.6972414970426368
13.48 -4.0227606272364556 1.5723569605042025
13.49 -3.8981146121518604 1.44789734484721
13.5 -3.7763568347078182 1.3262695322196545
13.51 -3.6591432816674523 1.2091432807786744
13.52 -3.5475698903576944 1.0976255639872434
13.530000000000001 -3.4423150756278567 0.9924034011804033
13.540000000000001 -3.3437524403101424 0.8938569710529245
13.55 -3.2520378209620886 0.8021470595501625
13.56 -3.16717532746958 0.7172814561928874
13.57 -3.0890667416680264 0.6391646496240798
13.58 -3.017548026428141 0.5676345743999928
13.59 -2.9524160122702003 0.5024894830832117
13.6 -2.8934476907207425 0.44350738179105764
13.61 -2.8404139976536955 0.3904599211739774
13.620000000000001 -2.7930895246881873 0.34312218852915083
13.63 -2.7512592446018167 0.30127949329174514
13.64 -2.7147230637003847 0.26473196383139286
13.65 -2.683298805170725 0.23329756344177485
13.66 -2.6568240689147276 0.20681397395888917
13.67 -2.6351572935955128 0.18513967494173147
13.68 -2.618178256178976 0.16815445532786008
13.69 -2.6057881756408627 0.15575952541925447
13.700000000000001 -2.5979095348687986 0.14787734406915445
13.71 -2.594485693536901 0.14445123441939053
13.72 -2.595480331252333 0.14544482784349333
13.73 -2.600876731654793 0.15084134695265494
13.74 -2.610676891957825 0.16064271217151507
13.75 -2.624900416517829 0.17486843033966434
13.76 -2.643583125409724 0.1935541960401305
13.77 -2.6667752777052764 0.21675010491737845
13.780000000000001 -2.6945392721417436 0.24451834106933223
13.790000000000001 -2.726946642946402 0.2769301554896864
13.8 -2.7640741134109605 0.3140618971650133
13.81 -2.805998401986064 0.3559897904059879
13.82 -2.8527893929590102 0.40278306911223305
13.83 -2.9045011846346545 0.45449497944225853
13.84 -2.961160412443452 0.5111510469759641
13.85 -3.0227511159723828 0.5727338765258946
13.86 -3.08919528719348 0.6391636222281111
13.870000000000001 -3.1603281227177376 0.7102731534910403
13.88 -3.2358669446176926 0.7857768884542888
13.89 -3.3153728205622315 0.8652323402346471
13.9 -3.398204218164231 0.9479937373475842
13.91 -3.4834627494196986 1.033157818815075
13.92 -3.5699324649662936 1.1195033339210743
13.93 -3.6560166114444135 1.2054282625467767
13.94 -3.739679718002898 1.288892758283156
13.950000000000001 -3.8184087644494076 1.3673817210578165
13.96 -3.8892151625620754 1.4379088519249648
13.97 -3.9487086950745356 1.4970933079412412
13.98 -3.9932829997695 1.5413481667263738
13.99 -4.019454268018403 1.5672213610901655
14.0 -4.024381236369112 1.5719152934152105
14.01 -4.006553154756212 1.5539692530583955
14.02 -3.966554490791754 1.514011292552977
14.030000000000001 -3.907709641125325 1.455383771175565
14.040000000000001 -3.836324025227187 1.3843662095176779
14.05 -3.761259706424297 1.3097478728403726
14.06 -3.692806492166851 1.241724924671697
14.07 -3.6412141903218878 1.1904840584898004
14.08 -3.6155816879006513 1.1651316344128277
14.09 -3.623613058035261 1.1734234507326033
14.1 -3.671848402927451 1.2218902802402558
14.11 -3.764991334198674 1.3150727322760785
14.120000000000001 -3.903261646306995 1.452939025629329
14.13 -4.078862710211444 1.6275826049669422
14.14 -4.27473578547203 1.822149970866647
14.15 -4.467861069060519 2.0140493409436573
14.16 -4.635753835417298 2.18117488954839
14.17 -4.762348807978009 2.307600925810879
14.18 -4.840497259703594 2.386087558415979
14.19 -4.871031673199217 2.4172674761393216
14.200000000000001 -4.860049926850672 2.407043313547933
14.21 -4.816072774588108 2.363799028477181
14.22 -4.747938430108085 2.2962998926013642
14.23 -4.663590341791996 2.2124639354188056
14.24 -4.569566389115789 2.1188317105395393
14.25 -4.470924456678238 2.020476999616066
14.26 -4.371389703599755 1.9211449115217412
14.27 -4.2735853510232955 1.8234779002801336
14.280000000000001 -4.179271520039892 1.7292525970343524
14.290000000000001 -4.089557597989468 1.639591675638165
14.3 -4.005076766796755 1.5551385906790463
14.31 -3.926122827665073 1.4761948789379071
14.32 -3.8527542482688903 1.4028247288258486
14.33 -3.784871670855422 1.3349329597478123
14.34 -3.7222748263330567 1.2723223245815143
14.35 -3.6647038962117775 1.2147351754472286
14.36 -3.6118693359007503 1.1618835167145785
14.370000000000001 -3.563473228759412 1.1134705284153679
14.38 -3.519224451611506 1.069205854012423
14.39 -3.478849306671332 1.028816318787865
14.4 -3.4420987940748637 0.9920532621817795
14.41 -3.408753338452336 0.958697304698221
14.42 -3.378625518103083 0.9285611035170278
14.43 -3.3515611558820857 0.9014904602394347
14.44 -3.327439000435835 0.8773640127374807
14.450000000000001 -3.3061691418110746 0.8560916576632401
14.46 -3.2876902558784487 0.8376117998986632
14.47 -3.271965747924803 0.8218875004863209
14.48 -3.2589788580976116 0.8089015862579121
14.49 -3.248726790990216 0.7986507833099544
14.5 -3.241213929132174 0.7911389332656581
14.51 -3.236444175983284 0.7863693364267699
14.52 -3.2344124391021865 0.7843362303890764
14.530000000000001 -3.235095200555957 0.7850153486291037
14.540000000000001 -3.2384400238025104 0.7883534055158578
14.55 -3.2443537126306254 0.7942562207331454
14.56 -3.2526886730880396 0.8025750322758558
14.57 -3.2632268487910387 0.8130903685787882
14.58 -3.275660435765122 0.825492689904949
14.59 -3.2895684957807982 0.8393589289452409
14.6 -3.304388685490387 0.8541241712278932
14.61 -3.3193837883906103 0.8690482062778166
14.620000000000001 -3.33360388235352 0.8831778587808056
14.63 -3.34584726730913 0.8953083480942129
14.64 -3.3546273761966505 0.9039510818310246
14.65 -3.358159577355941 0.9073220250625234
14.66 -3.3543916156040505 0.9033746114403534
14.67 -3.341113899311307 0.8899134198057419
14.68 -3.3161974590053043 0.8648358612324654
14.69 -3.2780089098735914 0.8265494208774168
14.700000000000001 -3.2260254276658387 0.7745839364029798
14.71 -3.161594716260829 0.710339124636235
14.72 -3.0886416049009187 0.637766125261762
14.73 -3.0139487482447382 0.5636159681814974
14.74 -2.9465578051995105 0.4968205445498832
14.75 -2.8960381397260715 0.44677983224176093
14.76 -2.869935252916002 0.4208771944277876
14.77 -2.8713799386846066 0.42217194601634966
14.780000000000001 -2.8980428041933903 0.4483945079782875
14.790000000000001 -2.943004293453194 0.4927815724418234
14.8 -2.9970524676777535 0.546291868294622
14.81 -3.051246339876162 0.6000996797486137
14.82 -3.0987246643808635 0.6473811607218812
14.83 -3.1353917524210546 0.6840180960133544
14.84 -3.159698348975416 0.7084107692031837
14.85 -3.171964692827786 0.7208268597372304
14.86 -3.173627685843604 0.722661922581524
14.870000000000001 -3.166622550579856 0.7158243005413849
14.88 -3.1529623313582733 0.7023125815205654
14.89 -3.1344961807285854 0.6839701930670724
14.9 -3.1127981387904327 0.662370742397807
14.91 -3.0891382418404527 0.6387865848420824
14.92 -3.0644989919152446 0.6142036639956313
14.93 -3.0396126908975902 0.5893579153856434
14.94 -3.015005128448559 0.5647784882879663
14.950000000000001 -2.9910379495426973 0.5408299255815091
14.96 -2.967946245598184 0.5177497190659781
14.97 -2.9458702944811757 0.49568008723880286
14.98 -2.9248815910546075 0.4746940723439104
14.99 -2.9050038412789396 0.45481660589336576
15.0 -2.886229748518011 0.43604135988766124
15.01 -2.8685343866483657 0.41834417376530947
15.02 -2.851885836488162 0.4016937326069958
15.030000000000001 -2.836253616901979 0.38606002869706885
15.040000000000001 -2.8216152987677243 0.3714209961463439
15.05 -2.807961562840119 0.35776758143520837
15.06 -2.795299857893258 0.34510740819468483
15.07 -2.783656736397178 0.3334671154566362
15.08 -2.7730788929353976 0.32289339656879884
15.09 -2.7636329063873175 0.31345274176050836
15.1 -2.755403690520551 0.3052298908611312
15.11 -2.7484916876544054 0.29832503245821157
15.120000000000001 -2.7430088930623517 0.2928498383897751
15.13 -2.7390738678323476 0.2889224919313185
15.14 -2.7368059763083763 0.28666194568945436
15.15 -2.7363191598803867 0.28618171999862696
15.16 -2.7377156191886716 0.2875836120528658
15.17 -2.7410798092464104 0.29095171770573125
15.18 -2.746473146034002 0.296347161443963
15.19 -2.7539297721753377 0.30380387898285005
15.200000000000001 -2.7634536321817396 0.31332570010190247
15.21 -2.7750169693033078 0.3248848415649429
15.22 -2.788560186660064 0.3384217515385864
15.23 -2.803992829335806 0.3538460619667717
15.24 -2.8211952572323145 0.371038219414308
15.25 -2.840020405134963 0.38985119223654213
15.26 -2.860294877549302 0.4101115034098368
15.27 -2.8818185078751237 0.4316187204730443
15.280000000000001 -2.9043614273855294 0.45414245002157416
15.290000000000001 -2.927657642501131 0.4774158377653645
15.3 -2.9513941195275324 0.5011245776286626
15.31 -2.97519445371607 0.5248905152992636
15.32 -2.9985964198610433 0.548249160453558
15.33 -3.021023191785726 0.5706209271652252
15.34 -3.041749000264526 0.5912769289602758
15.35 -3.0598618287158126 0.6093020215200201
15.36 -3.0742289369177946 0.6235610243299998
15.370000000000001 -3.08347618807752 0.6326792830908949
15.38 -3.0859998722348716 0.6350564576156172
15.39 -3.0800398141775163 0.6289423944581409
15.4 -3.0638528997182055 0.6126138919283968
15.41 -3.036030514625259 0.5846946676331436
15.42 -2.9959890481266482 0.5446451401208809
15.43 -2.944610582616209 0.4933953045205108
15.44 -2.8849050855446614 0.4339886584793684
15.450000000000001 -2.82241806927279 0.37196277177820664
15.46 -2.764995632499838 0.3150905114842308
15.47 -2.721589612385479 0.2721865440265302
15.48 -2.7001629647721885 0.2510558031156775
15.49 -2.705343917253235 0.256220211450772
15.5 -2.7368701627373793 0.28741989643260235
15.51 -2.789626289877146 0.33964898155548673
15.52 -2.855251700705493 0.4047045668719144
15.530000000000001 -2.924488626269662 0.47346292158566433
15.540000000000001 -2.9892380838554 0.5378946205953062
15.55 -3.0437061891108996 0.5922114216592604
15.56 -3.0846080791152852 0.6330947165316305
15.57 -3.1107578740960373 0.6593123662095955
15.58 -3.122430567436633 0.6710983143448762
15.59 -3.1207644476565206 0.6695623272315371
15.6 -3.1073254805813155 0.6562547176246065
15.610000000000001 -3.083850681069398 0.6329068326316929
15.620000000000001 -3.052135741956919 0.6013149977989694
15.63 -3.014016533426005 0.5633186468779545
15.64 -2.971396221869846 0.5208247252157516
15.65 -2.926278143518576 0.4758385381699377
15.66 -2.8807743492712357 0.43047096777073945
15.67 -2.8370700905710073 0.38690239798138076
15.68 -2.7973360745432836 0.3472952781755176
15.69 -2.763593318932121 0.3136601841028617
15.700000000000001 -2.7375486934615663 0.28769330647899294
15.71 -2.7204300041055545 0.27061382859428973
15.72 -2.7128543329970367 0.2630343300757662
15.73 -2.714759763388899 0.26489376106786955
15.74 -2.7254185511860936 0.27547067080691845
15.75 -2.7435323059511108 0.29347723885785115
15.76 -2.7673920632888453 0.3172173469150805
15.77 -2.7950736105678544 0.34477963328683564
15.780000000000001 -2.824634322159128 0.3742323672994629
15.790000000000001 -2.854282131903938 0.40379116296244205
15.8 -2.8824974380981305 0.4319404474971848
15.81 -2.9081007988222427 0.457501425590626
15.82 -2.9302697684701835 0.4796496394071227
15.83 -2.948515140892188 0.4978921169812226
15.84 -2.962629803956243 0.5120170972045733
15.85 -2.972623132540547 0.5220291300520611
15.860000000000001 -2.9786516088029353 0.5280801961760054
15.870000000000001 -2.9809533806784527 0.5304045722693151
15.88 -2.9797916488105485 0.5292623809105058
15.89 -2.9754096153534646 0.5248946177859715
15.9 -2.967998415317698 0.5174911326337372
15.91 -2.9576789383215822 0.5071725147054702
15.92 -2.944498551143097 0.493986916928642
15.93 -2.9284441630668345 0.47792325836523686
15.94 -2.909473443488882 0.45894257641615044
15.950000000000001 -2.887565776446295 0.43702902928071197
15.96 -2.8627930515917663 0.4122605127634735
15.97 -2.835406931641342 0.3848953586345548
15.98 -2.8059333346515074 0.35546569485680374
15.99 -2.7752568633153354 0.32486016180069016
16.0 -2.744669683694104 0.2943707136334226
16.01 -2.7158548159582754 0.2656740722387913
16.02 -2.6907783150918734 0.24072324185358004
16.03 -2.671482739872026 0.22154239390415376
16.04 -2.659804864859133 0.20994837082972662
16.05 -2.6570745700955656 0.20725489951661802
16.06 -2.663873028996456 0.21403570895175578
16.07 -2.679921734790844 0.23001594814706305
16.080000000000002 -2.704136911975944 0.2541253237472552
16.09 -2.7348309887962152 0.2846952355158716
16.1 -2.7699984064802847 0.3197391320764655
16.11 -2.8076061634528147 0.3572386085024375
16.12 -2.8458230186727134 0.3953704071126225
16.13 -2.8831530944823833 0.4326400961486026
16.14 -2.918472752539211 0.4679205201691014
16.15 -2.9509921566768016 0.5004154658960313
16.16 -2.9801716602492707 0.529577963600554
16.17 -3.0056212889380047 0.555011167034639
16.18 -3.027004578795699 0.5763730564178331
16.19 -3.0439604250493817 0.5932987701581389
16.2 -3.0560509176038915 0.6053487312364847
16.21 -3.0627400794184068 0.6119876375448143
16.22 -3.0634075172464934 0.6125984032635472
16.23 -3.0574011608789124 0.6065352084292776
16.240000000000002 -3.044133090629133 0.5932195241244711
16.25 -3.023220276147809 0.5722806801516128
16.26 -2.9946661049614423 0.5437364895850143
16.27 -2.9590674207228327 0.5081982594635598
16.28 -2.917815267233397 0.4670681534987706
16.29 -2.8732383007571545 0.4226780977238243
16.3 -2.828622823355455 0.37830518117698936
16.31 -2.7880437643507894 0.33799973182941334
16.32 -2.755968499024142 0.30619019520293156
16.330000000000002 -2.7366546317076943 0.2870874179341156
16.34 -2.733441672571812 0.28398757856477275
16.35 -2.748103458304979 0.2986371525735688
16.36 -2.7804441919339657 0.3308376801844158
16.37 -2.8282639912789382 0.3784121484513409
16.38 -2.8877053843286515 0.4375438880503517
16.39 -2.9538705441849165 0.503381189880032
16.4 -3.0215259430739803 0.5707296333559931
16.41 -3.085713728435306 0.6346557321626387
16.42 -3.1421539953110007 0.690887628877126
16.43 -3.1874108200600673 0.735984707368729
16.44 -3.2188707426345307 0.7673226310588998
16.45 -3.2346273234065186 0.7829853884449591
16.46 -3.23338006164948 0.7816712390498279
16.47 -3.2144486640310284 0.7627124562467377
16.48 -3.1779782439653665 0.7262828115699109
16.490000000000002 -3.1253600098792407 0.6738144852288425
16.5 -3.059799453600007 0.6085528232788909
16.51 -2.986824030233832 0.5360396684734983
16.52 -2.914374252503954 0.46417581743549596
16.53 -2.852081451187743 0.4024840354058341
16.54 -2.809557521304844 0.3604202645281016
16.55 -2.7940445719293905 0.3450855294330168
16.56 -2.808332208523197 0.3592151404224501
16.57 -2.8499606560932094 0.40041257602903735
16.580000000000002 -2.912140061922079 0.46203401664271726
16.59 -2.985898953779904 0.5352637178851813
16.6 -3.0624259715285893 0.6113951531793331
16.61 -3.1347194586907006 0.683461432346447
16.62 -3.1982297481764075 0.7468934266154027
16.63 -3.25068605535246 0.799374969388271
16.64 -3.2915018234183604 0.8402715629703251
16.65 -3.3211016413343506 0.8699699416491466
16.66 -3.340367216239954 0.8893278519039342
16.67 -3.350271684637387 0.8993073484125859
16.68 -3.3516972461001453 0.9007897429515228
16.69 -3.345402165746605 0.894539862910358
16.7 -3.3320987715909074 0.8812816585325043
16.71 -3.3126069286218414 0.8618493835186758
16.72 -3.288047603825699 0.8373784719096068
16.73 -3.260034968919267 0.8094941939955451
16.740000000000002 -3.230814888352671 0.7804460481469564
16.75 -3.2032895538447836 0.7531285178000522
16.76 -3.180873301491253 0.7309348743249087
16.77 -3.1671539010882697 0.7174202112704559
16.78 -3.165389415777689 0.7158048285452107
16.79 -3.177939520938805 0.7284157739506708
16.8 -3.205781610966013 0.7562133752841044
16.81 -3.2482624727568226 0.798549000302744
16.82 -3.3031721545201385 0.8532376413393196
16.830000000000002 -3.3671200984327827 0.9169258373682788
16.84 -3.4360938426845276 0.9856389310339615
16.85 -3.5060334242948348 1.0553454624162204
16.86 -3.5732742385871057 1.122394581001264
16.87 -3.634776342001714 1.1837449714465067
16.88 -3.688132161578839 1.2369757979584048
16.89 -3.731398814142082 1.2801238757600064
16.9 -3.7628271796538604 1.311417854657881
16.91 -3.780565822998889 1.3289872599088315
16.92 -3.7824192960051577 1.3306266554488249
16.93 -3.765750968793962 1.3137062305843386
16.94 -3.7276453333184225 1.2753442132704564
16.95 -3.6654715666755986 1.2129806150799745
16.96 -3.577976714918649 1.1254726534395734
16.97 -3.466900532395613 1.0146884852719245
16.98 -3.338749116762075 0.8872201956433443
16.990000000000002 -3.205807872506163 0.7553027921773537
17.0 -3.0850674729466987 0.6356717961149343
17.01 -2.9942078156142773 0.5456025417604501
17.02 -2.945579741573413 0.4971035502181768
17.03 -2.941236137553186 0.4921781071555418
17.04 -2.9722169270063636 0.522146837548286
17.05 -3.0226044577399445 0.5715098368075296
17.06 -3.075676204653021 0.623859964091821
17.07 -3.1187520789288867 0.6666251778826071
17.080000000000002 -3.145109117121779 0.6930245887142906
17.09 -3.153410036301883 0.7015917727088775
17.1 -3.145952376857065 0.6944969356307089
17.11 -3.1268214942989077 0.6757322328984691
17.12 -3.1004735141039843 0.6496989361908706
17.13 -3.070856450936837 0.6203210143313851
17.14 -3.0409857998626775 0.5906110719262967
17.150000000000002 -3.0128438475111636 0.5625613583018697
17.16 -2.9874829178985127 0.5372405698219642
17.17 -2.9652364103540836 0.5150000791336667
17.18 -2.9459644299197203 0.4957162436032335
17.19 -2.929282514608742 0.4790172351681286
17.2 -2.9147430277493913 0.4644638045530604
17.21 -2.901957711546084 0.45167215907379876
17.22 -2.890664321507802 0.4403814662847053
17.23 -2.880748806010773 0.43047706942101666
17.240000000000002 -2.872237485938615 0.42198360413008174
17.25 -2.865272686249045 0.41504133607353894
17.26 -2.8600821813752932 0.40987605558784374
17.27 -2.8569492073940594 0.40676931932019883
17.28 -2.856186621268618 0.4060326798184089
17.29 -2.85811644155301 0.4079871965907771
17.3 -2.8630544988591193 0.41294800272571625
17.31 -2.8712990860886394 0.42121284686541516
17.32 -2.8831221060951444 0.4330531240257123
17.330000000000002 -2.898761068705109 0.4487057526306033
17.34 -2.918410239238538 0.46836419842389
17.35 -2.9422091859914223 0.4921668871242704
17.36 -2.970226855534364 0.5201811272117356
17.37 -3.0024390980041704 0.5523804579202001
17.38 -3.038697281311112 0.5886130577510563
17.39 -3.078685334394021 0.6285585589392583
17.400000000000002 -3.1218623900134714 0.6716704623790377
17.41 -3.1673884497213045 0.7171016356724085
17.42 -3.2140317153196736 0.76361166336592
17.43 -3.260059384088712 0.8094580797031454
17.44 -3.303120360261592 0.8522803341114601
17.45 -3.3401408097424716 0.8889980277717942
17.46 -3.3672746302198835 0.9157662939231899
17.47 -3.3799828591541563 0.9280630796138702
17.48 -3.373356621717923 0.9210228302486658
17.490000000000002 -3.3428333087845234 0.8901637044632427
17.5 -3.285447391322286 0.8326423032838126
17.51 -3.2016353614137927 0.7490416857837406
17.52 -3.097295557892883 0.6453778533552446
17.53 -2.9852821117805513 0.5345032811037755
17.54 -2.885028892103925 0.43564345299372015
17.55 -2.8191351725220066 0.3709830320474433
17.56 -2.8070699399553756 0.3595258860990782
17.57 -2.858322746454589 0.4105007523359659
17.580000000000002 -2.968617963368914 0.5197414352843877
17.59 -3.1215006754296746 0.671202607343373
17.6 -3.2943183939397875 0.842696826904937
17.61 -3.465165607120171 1.0126191920018173
17.62 -3.617610953521661 1.16460756803537
17.63 -3.74211174926133 1.2890193996475554
17.64 -3.834887422756523 1.3819049547342876
17.650000000000002 -3.895653720823782 1.4428148709922652
17.66 -3.925314660490252 1.4725257308367916
17.67 -3.9241626775832135 1.471249456811281
17.68 -3.8907776483351024 1.437538130940953
17.69 -3.821745612332552 1.3680212408953196
17.7 -3.712474246265644 1.2582584775359167
17.71 -3.5596032303812906 1.1051898076661038
17.72 -3.3654457717676047 0.9115572214748633
17.73 -3.1439143003235124 0.6916416859626331
17.740000000000002 -2.924948288519034 0.47528636049733963
17.75 -2.7517530573422553 0.30478563845654794
17.76 -2.666613542059295 0.2210049065135169
17.77 -2.690360493169978 0.24393283376249542
17.78 -2.8105293386855776 0.3616357341079955
17.79 -2.988800223682592 0.5371920718868904
17.8 -3.1810123976241704 0.7275561440200221
17.81 -3.3540481481333044 0.8999030689584776
17.82 -3.491419411701571 1.037457035487002
17.830000000000002 -3.590143702975328 1.1368015973210779
17.84 -3.654857209138515 1.202239034325993
17.85 -3.6929187223223923 1.240943712965552
17.86 -3.7114980839283493 1.2600131162964474
17.87 -3.716274887227964 1.2651177207515432
17.88 -3.7111022795673447 1.2601304998500165
17.89 -3.698147336366938 1.247248804615408
17.900000000000002 -3.678230042197087 1.2273253465954412
17.91 -3.6512319798187787 1.2002744390258866
17.92 -3.61652786906894 1.1655033395770038
17.93 -3.5734278013888434 1.122354426222862
17.94 -3.5216214845201836 1.0705480305294428
17.95 -3.4615973086988694 1.010597741270492
17.96 -3.3949764396162516 0.9441382625268285
17.97 -3.3246689383607673 0.8740742678429917
17.98 -3.2547479508375794 0.8044496506803828
17.990000000000002 -3.1899760189281734 0.7399755982103635
18.0 -3.135017058297842 0.6852538294364479
18.01 -3.09350382256216 0.6438629162401905
18.02 -3.0672364486710295 0.6175758618222412
18.03 -3.0557864963036305 0.6059739613977215
18.04 -3.0566471589169995 0.606592442450608
18.05 -3.0658638508444316 0.6155348488356728
18.06 -3.078911222523174 0.6283308047648782
18.07 -3.0915352549884805 0.6407642844409087
18.080000000000002 -3.1003532040288766 0.6494688956941823
18.09 -3.1031349682361027 0.6522123384293377
18.1 -3.0988036955837472 0.6479039021863703
18.11 -3.0872527531484013 0.6364184594223048
18.12 -3.069682354580232 0.6187267613074987
18.13 -3.0466762731800747 0.5958203273835726
18.14 -3.019287819787271 0.5685311330745432
18.150000000000002 -2.9888189415802517 0.5381544346456999
18.16 -2.9565150470417736 0.5059320882781861
18.17 -2.923501998889952 0.4729886530109121
18.18 -2.8907576531142323 0.4403021359605541
18.19 -2.859106497547481 0.4086980137735841
18.2 -2.829228246865236 0.378857391503178
18.21 -2.801673770478575 0.3513326460462693
18.22 -2.776883913730164 0.3265660762833281
18.23 -2.7552084467059967 0.3049087588880099
18.240000000000002 -2.7369235536946928 0.28663799465053424
18.25 -2.7222470486694403 0.27197251004293455
18.26 -2.711350970476722 0.26108505340308463
18.27 -2.704371465207987 0.25411228363950183
18.28 -2.70141597114746 0.2511619605201925
18.29 -2.702567731942956 0.2523174579113805
18.3 -2.7078876076164997 0.2576395664655002
18.31 -2.717413049489014 0.26716544926656205
18.32 -2.7311539641215057 0.2809044731452621
18.330000000000002 -2.7490850179192403 0.2988304649539759
18.34 -2.7711337315230304 0.32086973974924904
18.35 -2.79716348792947 0.34688402340685853
18.36 -2.8269503465794585 0.3766471625553446
18.37 -2.8601523543376572 0.40981431799359913
18.38 -2.896269949431811 0.4458822520911027
18.39 -2.934596211456375 0.4841394947812478
18.400000000000002 -2.974156381601234 0.5236058737263543
18.41 -3.0136377101038794 0.5629625763831615
18.42 -3.051314002941505 0.6004773020201655
18.43 -3.084975305932444 0.6339352299812276
18.44 -3.11188336909219 0.6605968437078403
18.45 -3.1287892102300363 0.6772193667038207
18.46 -3.1320703202361346 0.6801995774083662
18.47 -3.118067824381181 0.6659177188935134
18.48 -3.0837150175339367 0.6313713999055293
18.490000000000002 -3.027519256701866 0.575155724452669
18.5 -2.950843815316636 0.4987272801939642
18.51 -2.859195340447863 0.4076500177105803
18.52 -2.762890180330103 0.3122021361554717
18.53 -2.676255906005917 0.22653349094275116
18.54 -2.6148028813701094 0.16586222970736955
18.55 -2.5908184420886857 0.14218945601434343
18.56 -2.609155004033476 0.16024490463189234
18.57 -2.665441999543156 0.21577361610014736
18.580000000000002 -2.7477652955813308 0.2971428120479451
18.59 -2.8408042075201445 0.3893228285769111
18.6 -2.930218230207822 0.4781533733981518
18.61 -3.005511917092663 0.5531818365062728
18.62 -3.060903237674724 0.608573725737848
18.63 -3.0947306452621954 0.6425777239346036
18.64 -3.1082206838633675 0.6563344208219923
18.650000000000002 -3.104235394309935 0.6526418728697906
18.66 -3.0862974728433277 0.6349830926819402
18.67 -3.057954696921169 0.6068856295818618
18.68 -3.022429389775599 0.5715646319885239
18.69 -2.9824668442145943 0.5317658365932258
18.7 -2.9403052178235844 0.48973164711418216
18.71 -2.8977103737287044 0.4472336059423889
18.72 -2.8560393320997877 0.4056345248022392
18.73 -2.816311215213677 0.3659587824088989
18.740000000000002 -2.7792746549740888 0.32895948002230574
18.75 -2.7454667445607077 0.2951773538112502
18.76 -2.7152620371258562 0.26498983611102556
18.77 -2.6889118390615834 0.23865045025286155
18.78 -2.666574811142802 0.21631951906657723
18.79 -2.6483401196090295 0.19808741317417275
18.8 -2.6342443346792135 0.1839915301384155
18.81 -2.624283105788428 0.17402803225774974
18.82 -2.6184184318003596 0.16815916212886375
18.830000000000002 -2.6165821319136118 0.16631674359351245
18.84 -2.6186759291729915 0.16840228232742774
18.85 -2.6245683939397497 0.17428391611342461
18.86 -2.6340888675067586 0.18379033824831348
18.87 -2.647018407279657 0.19670173987399703
18.88 -2.6630777829523957 0.2127378069719032
18.89 -2.6819126380644915 0.23154289582727408
18.900000000000002 -2.7030761598244895 0.25266874386300786
18.91 -2.7260100391629236 0.2755555180733875
18.92 -2.75002524139414 0.2995127493113147
18.93 -2.7742852496225265 0.32370285001118837
18.94 -2.7977960838904066 0.347131557803029
18.95 -2.819409570805324 0.3686518125050933
18.96 -2.837848899810516 0.3869901056192381
18.97 -2.851767957125321 0.4008067256372152
18.98 -2.8598571731700213 0.4088024367396534
18.990000000000002 -2.861006695241046 0.40988200842019795
19.0 -2.854529770382554 0.4033768631812322
19.01 -2.8404322364769965 0.3893119961524162
19.02 -2.819686607035828 0.36867511680805604
19.03 -2.794435171604973 0.343612730180575
19.04 -2.7680185964047017 0.3174514772468131
19.05 -2.744727068405427 0.2944453388920445
19.06 -2.729223770853071 0.2792026150097065
19.07 -2.725701021413232 0.2758549723141702
19.080000000000002 -2.7369644224773526 0.287160878196482
19.09 -2.7637282822394464 0.31381853618204625
19.1 -2.804375860609802 0.3542328246421602
19.11 -2.855280342359512 0.40482830600554964
19.12 -2.911571291709185 0.46079733150035335
19.13 -2.968080494441155 0.5170264494219179
19.14 -3.020181972487487 0.5689240099639747
19.150000000000002 -3.064338749512434 0.6129643047571399
19.16 -3.098309559743481 0.6468991225376254
19.17 -3.1210794990528665 0.6696963369586306
19.18 -3.132627715801009 0.6813149631521517
19.19 -3.133640676498994 0.6824234116981647
19.2 -3.125246949306219 0.6741366692907635
19.21 -3.1088120064182063 0.6578115170188331
19.22 -3.085801936386467 0.6349094673791237
19.23 -3.057706531358027 0.6069185317004919
19.240000000000002 -3.026003351040955 0.5753158533975947
19.25 -2.99214215360809 0.541550870891032
19.26 -2.9575312016895854 0.5070307051837665
19.27 -2.9235120473974288 0.4730945137547505
19.28 -2.891316633610933 0.44097072329897463
19.29 -2.862008888906481 0.4117192847993072
19.3 -2.836420766165887 0.38616871940462094
19.31 -2.8150977049673553 0.3648626222331164
19.32 -2.79826890036173 0.34803065318792814
19.330000000000002 -2.7858529921639756 0.3355943705849231
19.34 -2.777501259643616 0.32720993965745376
19.35 -2.7726710996185813 0.32234066599672084
19.36 -2.7707157405098837 0.3203456191200842
19.37 -2.7709738624343974 0.32056833158810766
19.38 -2.772845143446116 0.32241179596983244
19.39 -2.7758431415899065 0.32539121459765885
19.400000000000002 -2.779623087329529 0.329161994002283
19.41 -2.783987210879387 0.3335254644975329
19.42 -2.7888732123972373 0.3384177914115486
19.43 -2.7943323799007325 0.3438884821265164
19.44 -2.800503228122308 0.35007431188967153
19.45 -2.8075850981228756 0.3571730992355874
19.46 -2.8158145358810076 0.36542016533251903
19.47 -2.825445844692518 0.37506889833075985
19.48 -2.836736149422366 0.3863757870353169
19.490000000000002 -2.849934636111031 0.39958960861830245
19.5 -2.865275273026489 0.4149440911503321
19.51 -2.882972187370663 0.43265323391736854
19.52 -2.903216879160606 0.4529084712843114
19.53 -2.9261765328617377 0.475876941905451
19.54 -2.9519927919892432 0.5017002279458176
19.55 -2.980780464202464 0.530493030411575
19.56 -3.0126257100485514 0.5623413320383042
19.57 -3.047780027120383 0.5977535201184171
19.580000000000002 -3.0868492704635595 0.6368212139865936
19.59 -3.1291409398472556 0.6791080800088755
19.6 -3.174593036160434 0.724551417760991
19.61 -3.2230859523165534 0.7730307311322728
19.62 -3.2744304203947063 0.8243556570288735
19.63 -3.3283528560552504 0.8782512995922209
19.64 -3.384478081402674 0.9343409588494734
19.650000000000002 -3.4423096788630185 0.9921265182789918
19.66 -3.5012086781930956 1.050967210681352
19.67 -3.5603719807784433 1.1100581900094606
19.68 -3.618812962405317 1.1684113797349076
19.69 -3.675348138141995 1.2248425134726704
19.7 -3.728595633603814 1.2779701379654103
19.71 -3.776993352954835 1.3262344693061274
19.72 -3.818846738274361 1.3679459378918555
19.73 -3.8524169378072934 1.4013740677835904
19.740000000000002 -3.8760583411724556 1.4248852981957962
19.75 -3.888407206759203 1.4371308948195407
19.76 -3.8886073740444 1.4372701813399202
19.77 -3.876532627919375 1.4251879708302244
19.78 -3.852930164529588 1.4016306431748582
19.79 -3.8193769267949396 1.3681542499541446
19.8 -3.7779346525574713 1.3267745295459117
19.81 -3.730444938464399 1.2792663179022137
19.82 -3.677550653889918 1.2262046692616952
19.830000000000002 -3.6177568497461263 1.166062416643384
19.84 -3.547083576454384 1.0949095243289537
19.85 -3.4599827177565636 1.0073675731248342
19.86 -3.3520126333118885 0.899279802799423
19.87 -3.2240771470773506 0.7718569824506905
19.88 -3.0867019060491603 0.635745437827396
19.89 -2.961247644386995 0.512000143304935
19.900000000000002 -2.8747986210260743 0.4269558832814282
19.91 -2.848903344746896 0.4013888057692925
19.92 -2.8883779488275363 0.4399257371155626
19.93 -2.978593955838203 0.5284933917599282
19.94 -3.093457078105735 0.6418263721760102
19.95 -3.207618606357974 0.7551079400602905
19.96 -3.304800560408778 0.8521200079013044
19.97 -3.3793405612945575 0.9269630040283375
19.98 -3.433126441666611 0.9812289080849964
19.990000000000002 -3.471329639899562 1.01987359174414
